1.688333992670456955e-09 1.216934631479457728e-03
-1.245611736564821382e-09 2.903106658054239271e-04
-4.028278995019079997e-09 1.256667195881484367e-03
-4.876867423378346675e-10 1.224683202572598301e-03
-5.208325511704068576e-09 1.223439825406862861e-03
-3.767233908369437457e-09 3.053818825937675702e-04
-5.423478744162842725e-11 1.227236877742832015e-03
-3.077609494209881224e-09 2.216452119710010400e-03
1.070555850790486951e-10 1.086539043754017417e-03
-7.490741565761144682e-10 2.982188249927340633e-04
-1.863259245750672488e-09 1.214761393406693256e-03
-1.967132892911463440e-09 4.015442220593438624e-03
1.205887883630141185e-09 1.207185503329463554e-03
1.668080179504423655e-11 4.877528205584445199e-03
3.485225081271288478e-09 4.374531809621147113e-03
-1.547945244422669684e-10 1.221933901687086892e-03
-2.395573810286106931e-09 1.214253375130697546e-03
1.146605814230412772e-09 3.312334488443385242e-03
1.188686289123950150e-09 4.657399551414044200e-03
1.068376746561066690e-09 1.218914436716211349e-03
-1.541057401243769913e-09 3.288022195748791128e-03
1.656239723367201487e-09 4.743903170077102410e-03
-1.094615268383631917e-09 8.915587123763114548e-04
3.180371011844380743e-09 2.251506642606152225e-03
-1.927096409805233322e-09 2.753749797281647167e-03
-5.253726777802140519e-10 4.886812467020513334e-03
-3.079621772350967745e-10 1.245008463365191624e-03
-5.666443436793941570e-09 2.939079316778515027e-04
-1.624795536696648432e-09 4.456049850890916766e-04
-2.007220736056541758e-09 5.947266683944226655e-04
1.484094677898667340e-09 2.781544671561594797e-04
-4.031399514560539172e-09 3.884099362628082308e-03
-1.828681318883816154e-09 1.170369609276433005e-03
-3.236053426121619753e-09 1.039335301374758221e-03
-1.510816129189893726e-09 1.256585503974078566e-03
-2.925477485448636272e-09 2.957560182208882667e-03
-1.043622572591457631e-09 1.260531887770373772e-03
-1.093523970555964083e-09 4.077138427611835814e-03
-5.754836737415746636e-09 2.826217175035022943e-04
-2.584696438275598332e-09 3.420912992156244876e-04
-2.163986362391074756e-09 1.182755075101278456e-03
-1.318684575938812411e-09 3.381317392214422402e-03
-8.378776299787086761e-10 1.271239546195827678e-03
-2.146176320636469027e-09 3.981050478601868073e-03
6.597474599222598895e-10 1.291349918165335224e-03
1.060738347965067131e-09 3.165603365609439331e-03
-1.004642155047978689e-09 3.139270503487605335e-03
-7.026647353113957926e-10 2.936347580422052610e-04
-7.797225804065400260e-09 2.949566472655654453e-04
-1.047429860511544587e-09 1.302381857213045146e-03
-4.389625979510937062e-09 3.409517016366977256e-04
-5.918950973236319017e-09 3.265044716514975756e-03
-1.546883497691056032e-09 3.526388314119547522e-04
1.480220355131221360e-09 3.581863963386586018e-03
-7.500395345363432675e-10 1.302468546017727978e-03
-2.204588521724436821e-09 1.308743400678026364e-03
-1.837307036150565490e-10 1.313682627886798154e-03
9.699341626956720171e-11 3.469603671524207691e-03
-3.029318211025094045e-09 2.946614022539520883e-04
9.782245354712567861e-10 3.519808341021781698e-03
-3.293551082054684711e-09 2.949008732390818056e-03
7.716231631624506375e-10 2.112947594111388560e-03
6.304963940738214428e-11 1.213714715567002205e-03
6.013745555924257071e-10 1.305967071033389566e-03
-1.642108750131453313e-09 2.980142688369208284e-03
4.289245582557931561e-10 1.314268605211069574e-03
-2.225375596318065926e-09 1.222541569095658568e-03
-1.295506525672618332e-09 1.317119104741373619e-03
-6.439142901955927341e-10 2.891453999748518772e-03
1.478984818893321015e-09 2.215155707663777306e-03
1.832449194324631067e-09 2.882400611752272777e-03
-1.996013385555446095e-09 7.491055488729731317e-04
-2.600066428277732330e-09 2.707992306227096301e-04
1.338333094966710430e-09 2.225486707910152850e-03
-1.266037013717181571e-09 1.310720412226416874e-03
-1.307760390945218790e-09 3.023811750373647279e-03
-6.172894605508460851e-11 2.814456242714118129e-04
8.476725365692504938e-10 9.125638623438550937e-04
-3.058093289319708268e-10 2.199237443850465649e-03
-3.933310095388903148e-09 8.499419407909022126e-04
4.863578242423699670e-10 1.217982665374699831e-03
-1.351634919293312318e-09 1.197975466706195169e-03
-1.000202947284491190e-09 2.996982953170003895e-03
-2.587248373295243244e-09 1.308586043125989145e-03
-1.283767593479521413e-09 1.328747632131627989e-03
-3.950333547479489105e-09 3.412258630402862768e-04
-4.001013054336457718e-09 1.333015158213760130e-03
-1.209947922368454856e-09 7.771664058633040439e-04
1.702880335401037799e-09 3.089619232105185378e-03
-8.385050891484473160e-10 2.677559111871297311e-03
-1.453133054025437090e-09 3.126337391241063067e-04
-1.627655080561125770e-09 3.298313228068102472e-04
-1.755656417636033502e-09 2.765705990060684290e-03
-2.383177996031617780e-09 2.106247539246442965e-03
1.605322229395329113e-09 1.975824396333111452e-03
-7.630784900711141751e-10 2.815334835770816769e-03
-1.521959524498637599e-09 1.923324390725014103e-03
-2.961287944143732888e-09 2.824070243384605361e-04
-8.426780337211562983e-09 2.819858410937219756e-03
-7.658441210068850469e-10 1.196716758726456241e-03
9.355835532836891564e-10 2.816356675266785091e-03
-1.469631805531982080e-09 1.202299504541783776e-03
-1.368134145647024261e-09 3.383193842191452262e-04
-1.479809817811053354e-09 1.283619187145359055e-03
-1.276919671187903479e-09 1.845178218368368796e-03
-2.710492603286706848e-09 2.708634882744538944e-04
1.133368500576063182e-09 1.807869253132015491e-03
-1.641076058348993932e-10 6.411463155314093675e-04
2.383635870460857741e-10 1.938550927680900886e-03
-9.480851872313887059e-10 2.869045796523549130e-03
6.485642996265269274e-10 2.977250050637514876e-03
-1.898223999466877256e-09 7.026295576588214350e-04
1.974542310400266329e-09 2.410955023166923457e-03
-6.669112589476578822e-10 1.984137279385223690e-03
-1.657978464725361958e-09 2.984165131401535047e-03
-1.799482131528593429e-09 9.381745733428720462e-04
-1.190849035533947174e-09 9.259668446051162781e-04
-4.995740198196247081e-09 6.711632210730480086e-04
-1.588361736831969784e-09 2.882656387109462258e-04
-9.570837509384042728e-10 9.853445657372679901e-04
-4.339995829790913805e-10 2.819788253190607091e-04
2.523325117503713655e-09 1.930612227900320096e-03
-5.564796448908393900e-09 2.928717461246345107e-04
-3.008416174226824313e-10 7.969995244385979670e-04
-1.021858527454347004e-09 2.959606550413607096e-03
-1.157991115247432834e-09 2.838463978545540875e-03
-1.521209140331197593e-09 8.968874703201841318e-04
-4.970977551551706019e-10 2.639927434322091341e-04
3.621883243813509488e-10 2.983658889183477859e-03
-1.343731821444921899e-09 2.897356566908692536e-03
1.019186213822390386e-09 8.116198284606861981e-04
-3.622773176295578428e-10 2.655476876741548649e-03
2.373537369022808657e-09 5.389294313704207778e-04
-1.507195609291506170e-09 2.269254252326818357e-03
-6.940616110006158987e-10 7.114519260430861693e-04
-1.139903504592831266e-09 3.034314527220502802e-04
-6.161883885923806333e-10 2.716797132225698668e-03
-2.024068178437987886e-09 7.682742876055860450e-04
-4.109069239154708768e-09 5.829335479420595613e-04
-1.858137697697884439e-09 5.507626836515266619e-04
-4.772895603801057428e-10 2.621292952433588487e-03
-3.120458994855594496e-09 2.467053906737694344e-04
-2.725422483473428863e-10 2.795356599169123747e-03
-1.089792565820124936e-09 2.938459028606263228e-03
-7.631038902754829291e-10 2.924107973391867118e-03
1.514936825227217584e-09 3.807380383342229345e-04
-1.000878870449303305e-09 2.134353301424106453e-03
-3.424964034338839927e-09 2.797103298864861681e-03
-2.671039058171017082e-09 2.750510866058274964e-04
-1.988927181535918399e-09 3.785236750465967672e-04
-1.836826763559307093e-09 2.751790500929819378e-03
-6.047349397157611191e-10 2.101005136008251509e-03
3.647368307370879431e-10 2.991638196743232839e-03
-2.397333295747297225e-09 2.867667216134842188e-03
5.859195263153889512e-10 2.115438385551963486e-03
-1.436280839083733014e-09 2.548302153745009464e-04
1.726396672558828432e-09 3.010453183026874212e-03
-2.523263313658574656e-09 2.893197207983991270e-03
1.059634706377212873e-09 2.848786654069818559e-03
-8.907918761022953629e-10 2.865123202509900577e-03
-5.457861200575559694e-10 2.606839127361114069e-04
-1.006494774106167219e-09 2.939946920538852749e-03
-2.344493211198255559e-09 3.103795286286857840e-03
-2.838748660169418347e-09 3.069500302071878324e-04
-2.652958224468930360e-09 2.820594521552473571e-03
-6.367196419918441927e-10 2.259213567955377540e-03
-8.473088356708112416e-10 2.650037785348182480e-04
-3.187536634310185486e-09 2.976321732976900183e-03
4.263947498016477009e-10 2.920989494417085535e-03
-4.346557688782564445e-09 2.859759827498696539e-04
-2.004497491344707860e-09 2.785468171826437338e-03
-1.294753122066520656e-09 2.099157737343251059e-03
-2.431163913107087616e-09 3.085551128955082469e-03
-2.443348455445076201e-09 2.843672705334679114e-04
-2.003795794008646816e-10 2.440636558594821807e-03
-6.986668860966402881e-10 2.879799857405266304e-03
-1.353617537558948371e-09 2.575458712178267510e-04
-6.953508445746047130e-10 6.187964797130388397e-04
-1.853231932867778868e-09 2.573559461808043198e-03
-4.415740624230812076e-10 2.895090466247309761e-03
-1.642799473158962455e-10 3.070437205857101844e-03
-1.086835122190208534e-09 2.689135524877084337e-04
-2.146704174552834151e-09 2.753972028556590616e-04
-8.450127383481255286e-11 2.855556786220156233e-04
4.094802533248718008e-10 3.001614776831526294e-03
-2.827968904371173254e-09 2.566208195517530929e-03
-8.343638579525014724e-10 5.322572450046576852e-04
-1.706027259981732695e-09 2.819789483475572248e-04
7.965282718620414464e-10 2.991527204224882783e-04
-1.333045355807245095e-09 2.198465392635921747e-03
-2.193424336188402980e-09 3.170446530666789966e-03
1.326734192402235203e-10 3.099905358471840341e-03
7.501351991833206799e-11 3.267311266827873338e-04
4.905311669120436816e-10 3.064508025110622425e-03
1.627751479155060094e-09 2.070706410002747585e-04
-1.704886184262010092e-09 2.838820124895157729e-04
-2.946657300198373218e-10 2.246330625510587712e-03
8.167508100443068304e-11 2.213036909537043052e-04
-2.856132718983081586e-10 5.584828434765326619e-04
-2.062355847141714431e-09 2.847377489335018255e-04
1.081273773172628256e-09 2.876482704610537752e-04
1.437174836022278648e-09 2.237000492547170424e-03
2.821419590811964622e-09 2.197103047750661661e-03
-6.171567248129978905e-10 1.865250905936469009e-03
-4.084522789391480441e-10 2.984620427862833165e-03
2.193521888614765330e-09 2.839296533548654310e-03
1.948493863348689739e-09 2.165351874900452254e-03
-6.064124678048978003e-10 2.855189932796668088e-04
-3.367710300234392213e-09 3.060572524310499649e-03
-1.307984419121685107e-10 2.217359235878045304e-03
-3.684722545485611821e-09 2.921676819907834230e-04
1.542490515123291512e-09 2.990081879036499742e-03
-1.777858405472865788e-09 2.056584969893669908e-03
-2.254040336771514140e-09 3.012752589768369609e-03
-2.504654256326191443e-09 1.179451325040567142e-03
-3.670704628984146415e-09 2.974231948632422538e-03
1.212269720386727188e-09 2.111073325465818561e-03
-9.794995367190220115e-10 2.450196939652176352e-03
-1.581452781173916249e-09 2.395914938427384268e-03
-2.339277382778273571e-09 3.024385199187155145e-03
-4.621425088308305923e-10 2.321838600623836262e-04
-2.162765723150678767e-09 2.916970379546853648e-03
-1.321862902034696717e-09 3.132810299774385523e-04
-2.965507545036352677e-09 2.870090216905589898e-03
-8.149734079767418441e-09 2.247542255452294622e-04
2.251479557716336173e-09 2.939417355274746412e-03
-1.789963031306316007e-11 2.151226192227593766e-04
8.031066801021790643e-10 1.764234868123684533e-04
-3.996782841851542638e-09 5.452181443106360152e-04
-1.157333613791315467e-09 2.565418458031724501e-04
-2.755037460648512793e-09 2.892078382321990764e-04
-6.258062106085742555e-10 3.057736556584257984e-03
4.858949238894491085e-10 2.867786566781238469e-03
-4.380202981103505952e-09 2.851753254752227074e-04
-2.299453802981883462e-09 1.603438708653507402e-03
-2.014266841248595116e-09 2.197552856902739056e-03
-3.577160319145792357e-09 2.546990244603873784e-04
-2.858023539360918266e-09 2.290788046994112793e-03
3.899201939272385356e-09 3.065459525784406335e-04
-5.099915280082995341e-10 3.554791093599348069e-04
-1.248936798883313043e-09 2.868439442612195130e-04
9.142033928251346853e-10 2.321219574305203020e-03
-1.240731998677065781e-09 2.166998165649991395e-03
4.692747894928686700e-11 2.187120699669347929e-03
-3.435872124707393855e-09 4.179517226735753976e-04
-9.312901547748549715e-11 1.739825228149194652e-04
3.790867175692344372e-10 2.354803711964923579e-03
-8.369770295326215951e-10 5.329917883980047786e-04
-1.559779232290202810e-09 3.139936792664552341e-03
-2.344458207012334135e-09 2.577757503292775042e-03
2.014214838285393834e-09 2.838666415819236788e-04
-1.811277321350587653e-09 2.342433693484301336e-03
-1.707094581453433758e-09 2.753331113688219350e-04
-2.766111691748015396e-09 3.029729322319387862e-03
-3.858035757386558609e-09 2.746638669507517165e-04
-1.168358764485223238e-09 3.184036485684819408e-04
-3.232957556685447848e-09 3.116527632007979817e-03
-3.444629323692373983e-09 4.853797863206012176e-04
-2.197637538279706766e-09 2.708193925283017430e-04
-1.498886419365336946e-09 3.787732357198108149e-03
-2.407841486011536970e-09 3.501433904494911237e-03
-4.054853075611847778e-09 2.544749578974038972e-04
-7.080173656677013785e-10 2.674240806409383751e-03
-7.443329082177133185e-10 3.001997989497681772e-04
-1.578298397483084327e-09 2.444815568319076617e-03
-4.450905362625726757e-09 3.671379254163301738e-03
-7.640068953163900228e-10 1.925385421163535848e-03
-3.389642008338858221e-10 2.749219006232132660e-03
1.246605821612557059e-10 3.563161826823907211e-04
1.545785879061573464e-09 4.098532520419476827e-03
-1.334142196122533994e-09 3.118908912399736590e-03
-2.668236525472411957e-09 4.306414786970737870e-04
-2.277313747598528649e-09 3.333200613610428666e-03
-2.370939673673564172e-09 4.073159763735395913e-03
-1.486112116538829076e-09 3.026783421973668693e-04
3.457873321069680889e-10 3.182520586180763965e-03
6.543394544539204993e-11 4.037480765565828480e-04
-1.723471605497476667e-10 2.936730268454343417e-04
-1.359312694621094663e-09 3.266020255290668500e-03
-4.526724792455061196e-09 1.282505179977798480e-03
-2.734772835752574682e-09 2.969046013058393918e-04
-2.181970613928239878e-09 3.208070903283927080e-04
2.315709771361683702e-09 4.119131174448621181e-03
-4.333381978383869731e-09 1.988862353110672958e-04
-4.365796952375900967e-10 2.626109288285511951e-03
-7.638337517587000237e-10 2.891613596769403768e-04
1.178317204970466115e-09 4.785072297417669943e-03
-1.047881768507539662e-09 4.585195367077805895e-03
-7.635464647138968740e-11 4.899793467869823123e-03
-6.549368869780575690e-10 4.587780054681294718e-03
-2.559217728922742628e-09 3.148822608680587609e-04
-2.403582035855184971e-09 2.867938457317096082e-03
-1.764736699053488483e-09 3.105289960913515650e-04
2.628596716509392186e-09 3.627841418187681671e-03
-1.128591177231619648e-09 2.973563551232139609e-03
-1.394180239946980278e-09 4.826831520910134649e-03
1.253490388982574320e-09 3.367366712369579667e-03
-3.008073497433607437e-09 4.669222175633059961e-03
1.524218442392012579e-09 2.887601514890204314e-03
-1.591930479966736142e-09 2.909183176294883721e-03
4.823441486078982007e-11 3.281920904025847907e-03
4.575987158123866585e-10 4.525062734986493376e-03
4.912632647512782503e-10 4.700491796655085867e-03
-1.357320290622258891e-09 4.735136003862217002e-03
-2.302927647817319452e-09 5.410070401863832472e-03
5.533284691185535468e-10 2.069711279927715947e-04
-5.980440694597861981e-10 3.046763616174987302e-04
1.915487251376293628e-09 3.042934089603294579e-03
-3.196899703391037572e-11 5.305792983638185807e-03
-2.127031664606404426e-09 4.658495338498597552e-03
-4.212368641786730124e-10 5.533365725194633669e-03
-1.154997149243588167e-09 2.933466772860976630e-03
-4.622656964589640520e-09 3.258257132107060614e-04
-3.779837877790853406e-09 4.567965694360488597e-03
-2.475808543029147050e-09 4.554323124713243950e-03
-3.049289190512018837e-09 4.719464805891562505e-04
-3.915956667361556107e-09 4.093736626169765074e-03
-1.690646794392568179e-10 4.680721926131751684e-03
-1.046330245237765209e-09 5.620610068822006963e-03
7.927579335808089773e-10 5.373026747731331210e-03
-2.623286124695404027e-10 4.800863790616987075e-04
-2.031849085027858334e-09 3.235804714856937644e-04
6.012443031786314551e-10 4.766879032743544763e-03
-4.006289965557665809e-10 5.125431725430582529e-03
-1.238461677103631552e-09 3.227481477249837015e-04
-2.950237827260368288e-09 3.014086021478468006e-04
-1.368776631032787090e-09 4.736914997421920286e-03
-1.359152357647434721e-10 2.912929104510695970e-03
9.176217462672595161e-10 2.302761394627519909e-04
-2.203725323944101009e-09 4.267732645407722701e-03
-1.141561079504654666e-09 2.858402985439900592e-03
1.132499941310369802e-09 3.110020314307669100e-03
-2.624143988888097398e-09 4.781280566256743483e-03
-2.196840267071351530e-09 2.110520359268215878e-04
-1.223214770109529372e-09 2.960947850672608216e-04
-4.718216683428722746e-09 3.419275199353808900e-04
2.135348154023691363e-09 4.719054885616633284e-03
-1.432067179830591393e-09 4.936469198008558087e-03
-3.485471697059702848e-10 4.956007208142203246e-03
7.821892992050834885e-11 5.003703816218026297e-03
2.240318038149925856e-10 4.356482313809265094e-03
-1.097561782262361052e-09 2.909490893708221396e-03
-2.497876080403410994e-09 3.001174832277748788e-04
-1.838576125367066648e-09 5.212222744846175052e-03
-4.641972857725245633e-09 2.192443176967529147e-04
-1.634199657300050569e-09 2.905762911777427424e-04
-1.395657644865797670e-09 3.172759542328618902e-04
5.852185757320362638e-10 4.919552117093782366e-03
-3.368175188813735033e-09 3.494872136961283890e-03
-2.490284028646768262e-09 4.932057105501382911e-03
-1.860162209947616758e-09 2.669732826198692108e-03
-5.492208435832803536e-10 2.846210518127763409e-03
-2.187280977724664095e-09 2.859415883741694107e-03
-5.491300052242173000e-09 2.252979106359828882e-04
1.956893019399988891e-09 5.108930233098784440e-03
-1.100850985363556138e-09 2.364526619501595951e-04
-1.790250174219304198e-09 3.861717688784134517e-03
2.983869771672523593e-09 4.998227944702351121e-03
-8.034484933264563197e-10 2.329239483373029792e-04
-2.808125567902134945e-09 4.001554573385205683e-03
-8.188715245428811300e-10 2.792497255669951911e-03
-4.713822805949296198e-09 2.294633446568415138e-04
-1.454979654532601066e-09 5.070184710761491478e-03
-9.249942842465248908e-10 2.827338212321609066e-03
1.573600889167790901e-11 5.155862322684222863e-03
-5.358722870665442033e-09 2.898063646791072074e-04
5.037606870737597628e-10 4.795073035927662169e-04
-4.166022457653170575e-09 2.194453855097064029e-04
-6.895841103429581996e-10 4.734407183539275296e-03
4.683945119981122619e-10 3.023373086438724440e-03
-6.193324435345128578e-10 2.168235208426648626e-04
-2.257141132917319808e-09 3.038323446440768685e-04
-8.618421861167102747e-10 4.864373847857244443e-03
-3.003768956011071814e-09 3.451725875991591436e-04
-1.356228469881055551e-09 4.676851740690519434e-03
1.352566800607494395e-10 4.856977292379986710e-03
-1.117266923081365593e-09 4.351098456455564610e-03
-5.731690888783981343e-09 4.471776776270159053e-04
-1.207980582860746968e-09 3.792769607164440341e-03
2.186050689589561548e-09 3.357246624163900614e-03
-2.152499338427241918e-09 3.075585227383102510e-04
-3.061521408202753939e-09 2.533715019470352708e-04
-4.031271580134973423e-09 2.430100162211376851e-03
-2.352603884847537958e-09 2.230427831213430113e-04
-5.025802915268298114e-10 2.438430604484032710e-04
-5.488407781406927835e-10 4.440284835383292994e-03
-2.868235168069593512e-09 4.080655671432330614e-03
-3.235833761567912767e-09 2.952153798503360117e-03
-3.882695909441185338e-09 3.240559863584812879e-04
-1.553032126641938024e-09 3.685875119314635019e-04
1.013329627041437435e-09 3.115386556530273625e-03
-1.542867747940833721e-09 2.995861307445515063e-03
-2.183698653371663761e-10 3.754839811135154862e-04
-1.483305442355107357e-09 3.878138255511876138e-03
-7.345612485065991059e-10 3.474849077900225239e-03
-3.315037972615504580e-09 3.231062696256394484e-04
-1.016496751309143138e-09 3.430502508643599015e-04
-1.759520592266785983e-09 1.540934394730848148e-03
-2.962836046747410914e-09 4.604393867900410638e-04
-1.825637232223321880e-09 3.704570564131803682e-04
-1.461440661453959676e-09 3.164748486324179058e-03
1.629555135260373136e-09 1.305303799932736432e-03
1.798140364373667866e-10 3.266991473006269908e-03
9.879587500014585087e-10 2.915803227780793157e-03
-2.588845368781198648e-09 1.504838807760653600e-03
-4.255128461026446905e-09 2.413342320241066916e-03
-1.878201139688376350e-09 1.810061316185676995e-03
-2.309129656212661544e-10 2.623586847639664422e-03
-1.329773290555453667e-09 3.738814247562649985e-04
-2.189247310883859725e-09 2.737224321935170378e-04
-1.655344381077109992e-09 2.445700535953427342e-03
-2.670897187524486700e-09 3.095807555416161421e-04
-4.337805475884063074e-10 4.235699017870981709e-04
-8.508861091956953888e-11 2.718041160920810998e-04
-5.067658951443176152e-09 4.128884201467425191e-04
2.137627445817882567e-09 8.600909432503335127e-04
-3.423854876719186360e-11 2.719072784375803353e-04
-6.396507842636106702e-10 3.817095245291882459e-04
-4.887476784741170854e-10 2.693036699765375525e-04
-7.833110609360498066e-10 1.647542533481140877e-03
-3.695788529596852829e-09 2.687466215121711468e-04
-2.105309246545569489e-09 2.846086819179463145e-04
8.670167560557412553e-10 2.695788765235892516e-04
-7.344841085062568579e-09 2.456721124771106893e-04
-1.485638523250923695e-09 1.044635185165161771e-03
-3.100177779592203655e-09 2.700590879934085774e-04
-2.114460830880380250e-09 4.292584537754606908e-04
-7.610821814335410326e-10 8.002152250979415425e-04
-1.361740190463875559e-09 1.121523307580441940e-03
-2.126340815022206834e-09 1.030375894515313858e-03
-1.836772508086079704e-09 2.443386833142563918e-04
-9.622920239219514490e-10 8.767191569822519381e-04
-2.551361109703295638e-09 2.310298526394065615e-04
-3.487829170120142777e-09 1.049817106933074356e-03
1.199064991008136599e-09 2.747375782017474357e-04
-1.221621483404625090e-09 3.261354606802028275e-04
-3.094317032817837416e-09 2.818724477632158967e-04
-7.910259530423824510e-10 2.695455687637529412e-04
9.219642630186116415e-10 2.549740503097063676e-04
-3.616301901723399578e-09 3.010178872603854372e-04
-1.324580533478577448e-09 3.555570741172203882e-04
4.787756093132152655e-10 8.451582590213069408e-04
-1.101162481672512085e-09 8.374708409704561315e-04
-1.728892873892395750e-09 3.483412596083663841e-04
-1.282679414129239728e-09 2.793003453328153076e-04
-2.610131711677157836e-09 2.800555964532331862e-04
-3.756440784647294311e-09 2.984015024463543297e-04
-3.892719397789936632e-11 6.864719996851428472e-04
-2.586857067332571008e-10 2.748171403376750829e-04
-1.935917838271324832e-09 2.600780924080924213e-04
-3.851926489607852937e-09 2.860788937163472869e-04
-3.052399874885425442e-09 2.695162601730244269e-04
-2.364047223346586170e-10 4.748130296525143127e-04
-1.661163403176603848e-09 2.961385557697519323e-04
-2.876890966283087449e-09 2.682670637313113371e-04
-2.443135428449332083e-09 2.687732862558154211e-04
-8.454657217970813527e-10 7.342080137057116701e-04
-4.898117200810738303e-09 5.294775900788662891e-04
-3.699043847346048147e-10 5.579868931713842994e-04
-3.068244765610666267e-09 3.410210312781449503e-04
-2.707806078174752247e-09 3.188131971272518982e-04
-1.349535762152099589e-09 7.253849159741734961e-04
-1.752597689850399810e-09 3.104791441074385540e-04
1.328088510817692739e-09 3.676443442022559230e-04
-3.065774613960554332e-09 4.001153494780147648e-04
-7.642672523370658936e-10 2.774731149409181432e-04
-7.415600344406140672e-10 2.773697365879148691e-04
-6.243266664467028115e-09 3.300565031921484974e-04
-1.875806651950915944e-09 3.794704862996896690e-04
-1.432466235638538968e-09 2.625941935714131304e-04
3.391381062235872266e-11 3.393206115755642766e-04
1.260266253964534686e-09 3.323280614080337757e-04
-3.820681043783966006e-09 3.139017704888105048e-04
1.213226952573149420e-09 3.388200909390801444e-04
-3.649096856595005116e-09 3.567657528344824066e-04
-3.495050268362217135e-09 3.481729981033094743e-04
-1.548087173019919354e-09 3.688722923518810001e-04
-3.803063234622595469e-09 3.856156633087426898e-04
3.729379904593251707e-10 2.754201007457117564e-04
-1.602485790539906552e-09 4.067654377102677835e-04
6.828475109637480767e-10 3.520949351932411596e-04
-3.082075956061003524e-09 2.923140996367266107e-04
-1.156721397164534663e-10 7.401955082581491334e-04
9.935477944754080753e-11 7.348301325793548397e-04
-2.423082265581959125e-10 4.389259988338012623e-04
-3.721617168505703832e-09 4.338608032212516057e-04
-1.232046464024561087e-09 2.388532424888793705e-04
-1.353246219958947202e-09 3.807822095834307707e-04
-8.137846099048153109e-10 3.487659193939592517e-04
-4.555138742531527349e-09 4.636283039993621419e-04
-1.120416752491896838e-09 3.142700815087611237e-04
-1.705753117927299904e-09 3.358514375199921531e-04
-1.595739319139808246e-09 3.218121666676927641e-04
-2.963597482641603277e-09 2.756197018097264950e-04
-5.702051776096209442e-09 4.087036445356625873e-04
-1.447483566848317614e-09 7.504757998332490165e-04
-1.939597939276786609e-09 7.333839928343770980e-04
9.802573135172376167e-10 4.520554607576279956e-04
2.658068557603663866e-09 2.906203126828291248e-04
-1.717210329992274267e-09 3.770981465296042870e-04
-1.827862058700661394e-09 2.771702271640158195e-04
-6.547784487437782876e-10 7.365319576283688684e-04
-4.921302755751163876e-09 3.572768650085108503e-04
5.452921084800787611e-10 3.422882281548188764e-04
4.358157806372990483e-10 3.160149624579202060e-04
5.425678351080333981e-10 3.173811777659401949e-04
-2.686957552564621831e-09 2.863116778621605310e-04
-6.749551264320808485e-10 2.958510528040774325e-04
-3.548003544235036422e-10 6.663588093621745359e-04
-1.702038860797709135e-09 2.365902567771144196e-04
-6.083612098635615927e-10 3.834119244250558237e-04
3.457293633884436330e-10 6.175680936950161352e-04
-4.361261610604005452e-09 3.132938392637387164e-04
-9.813887401254585155e-10 5.417237042122268658e-04
-1.745259829742189823e-10 6.587959301264149047e-04
-2.356736409814245638e-09 5.945022947656998123e-04
-1.820894881436396994e-09 4.421779918211329592e-04
-1.920258368188059754e-09 6.514434537710264272e-04
-1.551968718343315486e-09 2.912705284663589383e-04
-3.264444288490558990e-09 7.391135481597256281e-04
-3.526558933388656904e-09 2.930731846052438833e-04
6.506904393520082660e-10 3.568626624190543418e-04
-3.652663916930962404e-09 2.846295809923622406e-04
-1.555975864828816753e-09 3.681614597924279687e-04
-2.001960395781175498e-09 8.100899229100723149e-04
-6.735143621994043320e-09 2.369360131182895318e-04
-5.448801182622690000e-10 4.553951087369234769e-04
-2.966680419698961001e-09 4.792554404165480573e-04
-2.366027358499695139e-09 5.277348093923699395e-04
-3.463973399167363542e-09 2.996951363276109258e-04
-8.731271470702911732e-10 8.752028583149327459e-04
-1.905457946367202167e-09 3.624095996484426145e-04
-2.288734252680094886e-09 4.037915473173165465e-04
-3.798553978431191818e-09 2.746747630777321664e-04
-3.814835696927010278e-09 3.422583931483935216e-04
-1.805187726613601122e-10 5.938616615523068572e-04
-1.721805513936416648e-10 3.174323532717302616e-04
-5.817501712213738173e-09 2.787301862941728874e-04
-2.508321606631714978e-09 4.197962738079367767e-04
1.761473037149449391e-09 2.195863952093489381e-04
3.205831007010555239e-09 2.245133857645005538e-04
-2.401393246802632623e-10 2.986820944921407669e-04
5.273816457237324537e-10 3.566397166969733734e-04
-1.854554926072563007e-09 2.853115923293354892e-04
-3.624238057400047909e-10 3.189758848253404261e-04
-1.051141799619330351e-09 3.324616704214603587e-04
-6.185605136875183753e-09 2.269569527391353606e-04
-3.057067167999640786e-09 8.243804011083263406e-04
-5.629750832670665206e-09 2.250879499350099473e-04
4.824772550695228207e-10 4.486956533214155073e-04
8.583577850135616038e-10 5.177724809203672254e-04
-4.117072748843219945e-09 4.192061557714045483e-04
-3.733545380942465490e-09 6.664964349561836292e-04
-1.721384806925905498e-09 4.644362660572410543e-04
-4.502818761320894761e-09 3.970577703401756853e-04
-1.178858801237257915e-09 3.321639499953815797e-04
-9.075307540225144878e-10 1.625901242909227364e-03
-3.068627071063764977e-09 3.000722033977089634e-04
-4.990370419334918471e-09 2.893853032790293534e-04
-3.462215970345526577e-10 6.041257114486870252e-04
-2.729363467496326658e-09 4.057364326041319530e-04
-2.345612944300928486e-09 1.327616423145764951e-03
-1.700786990804844781e-09 7.161085914342808041e-04
-2.369690964174174692e-09 2.327349419982002396e-04
-9.143561830029882204e-09 2.191827855265856759e-04
-5.580299024059584930e-09 2.061678545532211475e-04
2.231377865991331145e-10 3.331511171912251035e-04
-1.214265890000540217e-11 3.045504924193864651e-04
-4.048081063267483476e-09 2.032520677362487235e-04
9.139408972624233018e-11 3.239148429745962302e-04
-2.774154230911497618e-09 2.824208636607420677e-04
-2.372987043931407202e-09 5.808180072088081842e-04
-1.294837397660532064e-09 1.618612738619839729e-03
-2.862694080180769719e-09 3.420086475682299239e-04
-1.533160741410449750e-09 4.708273777595990434e-04
-3.857927306202547341e-09 2.878581880900001120e-04
-1.231598023749155219e-09 2.756689205292720208e-04
-8.266766805247267567e-10 2.978351762012038388e-04
2.385609337731229543e-10 2.942844936789786817e-03
-3.345221473287979539e-09 4.794730493391481728e-04
-5.177006558738251856e-09 2.072174935836414253e-04
-4.649048349669793097e-10 2.093474411011524844e-03
-4.724072730190126394e-10 3.387146018936038018e-04
-2.814900959753571320e-09 1.930772102523040600e-04
-3.088155272750686594e-09 2.588603480819578681e-04
-2.871269914650921391e-09 1.852507208584036526e-03
-1.681013369520749428e-09 5.961562880662948059e-04
-4.178859906863400180e-09 3.880000390898530977e-04
-5.033032256395115123e-09 2.215569875296458167e-04
2.847882989367497766e-11 7.606314904352218416e-04
-1.912019949156693672e-09 3.642912691068470889e-04
-3.831213270343846920e-09 2.885146562383523647e-04
-2.573311871546196953e-09 6.902823222556991921e-04
-3.231998600298334242e-09 5.763642749474084817e-04
-4.449773423929049763e-10 3.209010849178305894e-04
-4.454188928434587048e-09 3.456469214358013752e-04
7.371692888453918225e-10 3.188780624093246483e-04
-3.124352689982546137e-09 2.896208904437901901e-04
-3.562441461453107608e-09 4.993363367112098761e-04
-1.742292444187756224e-09 1.214600581715860302e-03
-3.480551892433554488e-09 2.572837595953549549e-04
-8.452402895038083875e-09 3.467005549003348533e-04
-3.402645654679029325e-09 4.101701974517106466e-04
-1.393864958379255759e-09 4.440740448066667089e-04
-3.764963751855855133e-09 4.512084786961923118e-04
-3.355321554404495254e-09 4.482269508231988492e-04
-1.356295411219838478e-09 3.999904257490552299e-04
-2.371278530796289109e-09 1.432506630327448714e-03
-2.035876811963947901e-09 4.666026449184593910e-04
-3.610700549970343632e-09 1.157276225840086267e-03
-1.542840968390825996e-09 4.054250106491899736e-04
-8.935513305643515321e-10 4.971973119391927959e-04
-4.770930755484266622e-09 4.416516066672530991e-04
-2.114454451369905440e-09 4.732374332105047910e-04
-1.920950234161529801e-10 3.812220260991673322e-04
-4.355243264435684061e-10 4.763456116376207938e-04
-2.250026355561293259e-09 1.808827020558803405e-03
-5.706260521122580810e-09 3.606802890149631621e-04
-2.180233624117112439e-09 4.690588886451113344e-04
-2.254213907214975584e-09 4.378705761674150281e-04
-2.541448797235398381e-09 4.454764365058307097e-04
-7.178177479050662661e-09 4.076122357557850247e-04
-2.413079974439382990e-09 3.963396884472199146e-04
-5.277804029170937630e-09 3.981265749817186530e-04
6.004499647587476601e-11 7.430600021943494426e-04
-1.356856420401671443e-09 4.047767115419813972e-04
-2.703929314728226229e-09 2.021845821225772260e-03
-2.297457954109491820e-09 9.472080914170600673e-04
-2.161516938157017001e-09 3.908525140751441251e-04
-4.319913456393590480e-09 3.864593195871741287e-04
-1.493245039788826599e-09 2.027646298302674364e-03
-5.715887516232733196e-09 1.285535084200240940e-03
-4.977999180643319085e-09 6.281621555083655509e-04
-3.618833942064969729e-09 5.857426644643007373e-04
-1.663821328927218999e-09 5.581230761002218231e-04
-3.170775216598988069e-09 5.677794370369173161e-04
2.430828294366054078e-09 4.451549129698449203e-04
-3.811024082704465478e-10 5.570404241846852811e-04
-1.152104900960268362e-08 4.177176231194400105e-04
-9.382968514996577557e-10 5.559153643306316691e-04
-1.865200858400969957e-09 5.007686223226814112e-04
-5.293984971843679671e-09 4.240534495218620356e-04
-1.747235417179373797e-09 5.879641742031071908e-04
-9.981930601388168576e-10 5.019030237378234970e-04
1.616860486373067630e-09 4.891014300907112330e-04
-1.481105329414723960e-09 5.992819912383876057e-04
-1.063745709115886913e-09 5.629650931557786788e-04
7.071688403741442876e-10 6.432923263768781669e-04
-1.897625047790625674e-09 6.165751964932214991e-04
-2.161805555415674546e-09 5.439407029170483790e-04
-3.787952042739507648e-10 5.153378006320050728e-04
-1.648133466072251277e-09 5.584169141124986418e-04
1.684472945778775775e-10 4.206511489342863665e-04
-1.644720232590058705e-09 5.468567951466491231e-04
-4.781876520166854159e-10 5.642582518970487831e-04
1.114048943099107157e-09 4.483891129854245569e-04
6.001596986462982802e-10 5.526388143158480863e-04
2.458197365759338358e-09 5.056933979637206642e-04
-1.156017147586764076e-09 4.647791619893923486e-04
-1.910188125751822618e-09 4.319557649366588081e-04
-6.739980969668436339e-10 4.053317339972306566e-04
-4.513635399504293737e-10 4.126172554518047256e-04
-1.342516875780793429e-09 4.284671018229973833e-04
-3.121156664053852138e-09 5.002906136810376502e-04
-1.113208544010126978e-09 5.435508936246723731e-04
-4.705627732771020345e-09 4.357748193257395702e-04
-4.128128572480080655e-10 3.134338296677379463e-04
-3.284380276559359397e-09 4.784078244059999300e-04
-2.544599742008476585e-09 5.372747860250409735e-04
-9.175248128598922590e-10 4.908854262333893362e-04
-6.010977104516457393e-10 5.285526740416321380e-04
-2.796832831872440094e-09 4.979769702829679213e-04
-1.612016350329166451e-09 4.281231319274581958e-04
-6.988939301765537241e-10 5.079088545405200002e-04
2.486543357024796880e-11 3.987784024491950862e-04
-2.224854127809071752e-09 5.230233919605463324e-04
-3.180788701180358127e-10 4.929555049656352776e-04
-4.399158803106404584e-10 5.319350897528611578e-04
-2.219187821644636345e-09 5.124707932707650527e-04
-1.973577284595079297e-09 5.298348276101964892e-04
5.179413500931557244e-10 4.889753156210103384e-04
-3.146503721933627603e-09 5.088967799599836443e-04
7.767717420854026571e-10 5.684257559770331501e-04
2.098541790021111133e-10 5.447053193291247035e-04
-2.419417326419253211e-09 4.901409823244335133e-04
-2.876878925421536373e-09 7.271274161083175541e-04
-6.662424509642214054e-10 4.695879025257295412e-04
-3.424812656672078424e-09 5.498188307226288020e-04
6.732889631049833962e-10 5.386236588213873201e-04
-3.275759405156890524e-09 4.585054842445242013e-04
-8.764152789884282390e-10 5.059116471499904445e-04
-4.509018612353388522e-10 4.667870330964653215e-04
3.998023357687472450e-10 6.872859590319280263e-04
3.101722331884668734e-09 6.447468630236363567e-04
-1.719218885864528728e-09 5.630726400278888337e-04
-3.250423839486051772e-09 5.538727396742106198e-04
2.289992077505911311e-10 5.918339165713265917e-04
3.584700234313189818e-10 6.557514391893446044e-04
-9.899557813104437015e-10 5.643100848748446160e-04
-7.514065274997740586e-10 6.710571774122996635e-04
-8.179215279814880158e-10 6.669388834531128065e-04
-8.883902673458020282e-10 7.049085449161892865e-04
2.261848505279845810e-09 1.196343135751370967e-03
2.274801412995490160e-09 7.248524267634549835e-04
-1.177839342884105924e-09 6.949421670761106928e-04
-3.682176478025641299e-09 7.524412765747496082e-04
-4.213536798426269160e-09 7.362657191773458757e-04
-2.560154825919302045e-09 1.156076349158621525e-03
-3.452957629132208464e-10 1.503877608924565753e-03
-2.394961583845162081e-09 7.149872595416026638e-04
7.461693294692659598e-10 7.874063955149480931e-04
-3.026839199852268868e-09 7.477794685132564678e-04
-3.648276405067533250e-09 7.042351966130509225e-04
-4.692121125796608919e-09 7.522613082271848231e-04
-2.093957675622215346e-09 7.019180010537161936e-04
2.052457448747381556e-09 1.795042538976108050e-03
-1.524823503349801679e-09 7.299625941141326887e-04
-1.378925964988755131e-09 7.560771286363465477e-04
-1.652240120198405671e-09 7.719068181166584492e-04
2.429185602434280674e-09 7.273208073256986388e-04
-1.268183202021961784e-09 1.889558679696601903e-03
5.101736580087266385e-10 1.422185236866537741e-03
1.673905461776968523e-09 7.567568872189466694e-04
1.326139774789381684e-09 7.499643040452623737e-04
7.211187318339728618e-10 1.524307655790862288e-03
2.029183119871100092e-09 7.605401129782093407e-04
1.410495036220947689e-09 6.896852584826698327e-04
-7.737593688066104102e-10 7.797497043148060667e-04
3.256088661831973239e-10 7.843771434891872764e-04
-1.831299434607005395e-09 7.272521758537859151e-04
-3.407626321303213019e-09 7.881626655151070197e-04
-8.068761111350336101e-10 6.820529849420305449e-04
-4.919203735468262729e-09 1.859861142824410698e-03
-9.460631861347242553e-10 7.594481846186995838e-04
8.736065679978464138e-10 7.128815119147257316e-04
-7.343258568825941376e-09 7.497731365560365716e-04
4.247633785748649998e-10 6.854257700526717248e-04
-2.609270146464775308e-09 8.252486061448044852e-04
-8.318024529617578379e-10 1.348202793460747360e-03
-1.768686600007817862e-09 7.116874750159816456e-04
-3.061439959754048655e-10 7.683848992471844141e-04
-8.385510574501242872e-10 7.687938672332610439e-04
2.211644399939120936e-09 6.990926346167426276e-04
-2.519710904765164227e-10 6.929370573976968619e-04
-8.816527236937820244e-10 8.343263512253086371e-04
-1.591131093670440013e-09 8.002288082535447640e-04
-2.021009806654892371e-09 8.830423285361502228e-04
-3.037003416705715668e-09 6.885543993401171481e-04
-2.264034157145692539e-09 6.853377133594986976e-04
-3.971557949166011331e-09 7.673678104079132214e-04
-4.407672765608807570e-09 8.122017904789947864e-04
1.651381431636252690e-09 8.143499589526575350e-04
-2.293451378127527502e-09 8.569294376732438734e-04
3.740745684703675513e-10 8.058593403931131344e-04
-8.792952680573563795e-10 7.602723361454618222e-04
-4.383621138872509726e-09 8.008924806452450557e-04
-3.613765876934102076e-09 8.127701689869415045e-04
-4.946015397315431674e-09 8.721899222476260259e-04
-6.663382645479019771e-10 6.606079319489829502e-04
-5.487540821286359104e-09 8.038565084972013053e-04
-2.845576251285524341e-09 8.037680411996363196e-04
1.306828182007334536e-11 8.920841059821982971e-04
-3.316457987806479331e-10 8.466914325959011599e-04
1.011288647997737273e-09 8.538761012338601025e-04
-1.320813266271872371e-09 7.419822843587490840e-04
-4.857553704769026207e-11 8.699282293429410782e-04
-1.998243358861287860e-09 8.667918777967640979e-04
-3.524372755090362316e-09 8.785200963516583529e-04
-2.260170904538342912e-09 9.554585391306172782e-04
-2.212749633648000133e-09 9.031623297647356973e-04
3.455730637945512772e-10 9.536477457533844597e-04
-1.276661642890076912e-09 7.928703557735016861e-04
4.294685805463615822e-10 8.960557569708639059e-04
8.953340178969738064e-10 9.664021055244912664e-04
8.716394943027352890e-11 8.283722754298223582e-04
-5.250406376398316514e-10 8.276559866401388956e-04
2.232202926196863662e-09 9.575112496736918515e-04
-4.361171258684685192e-09 7.831356388553967684e-04
-1.721581447266703532e-10 1.005539648252050302e-03
-1.389731247971263140e-09 7.999075293015187223e-04
1.928119586312491892e-09 9.995366338010436367e-04
-1.767702037073841754e-09 9.475603875847723968e-04
-1.099146887238369922e-09 9.321561814744596568e-04
-3.285722628929112575e-09 1.011150981823427620e-03
-3.178686897915272993e-09 8.185806115635469414e-04
-2.935074408147508213e-09 7.923178216127406892e-04
-2.169436030542490071e-09 9.076169213416205965e-04
7.272458505477825160e-11 8.302886442536249389e-04
-5.411072434799879367e-10 9.387631860907861290e-04
-1.450232294962251254e-09 8.632024036500258188e-04
-1.485569223280657772e-09 9.330114962494732381e-04
1.724323194136402101e-09 9.935716639249889386e-04
-2.452277073111352307e-09 7.896328318300986897e-04
-2.656539748207436677e-09 8.144921147990848371e-04
-1.809205394257427413e-09 7.567054972201637912e-04
9.444281633705520168e-10 9.829397515829338579e-04
-5.645126998611047740e-10 9.538225491721692229e-04
-4.009215642774069249e-09 1.003913652012846432e-03
2.001848830054924098e-10 1.015176026754853987e-03
4.381532218103652701e-10 8.501623870398757445e-04
-2.731553192063331816e-09 8.984458964396112302e-04
-8.769389167466471798e-10 8.426530031428329558e-04
-4.160171079131476042e-09 8.310862595395150740e-04
-3.263866905408434475e-09 8.315075622623361836e-04
-3.264540401085948043e-09 9.428494351139619489e-04
-9.507343283825235222e-10 8.694197099255371580e-04
-1.813771065073487058e-09 8.509819698653536130e-04
5.424646871418013797e-10 9.972655923298620259e-04
-3.018918570966988811e-09 8.536367077031144918e-04
-3.182588437045717356e-09 9.654314143015401166e-04
-6.619502610875640355e-10 8.862708078238921809e-04
1.479559985692438104e-09 9.568676039100085066e-04
-3.595436013037063882e-09 9.394733566809312323e-04
4.172347073308909855e-10 8.544918811702147858e-04
-7.010891774175666046e-10 9.266409355452601354e-04
-1.391482614309716955e-09 9.596971467112990579e-04
-2.174228610351955899e-09 6.322546463062788486e-04
-8.213626163477813215e-10 8.967292628412491719e-04
-5.152936159624316950e-09 8.321320608981971510e-04
-1.409144487669829423e-09 8.957627336851663657e-04
-1.522213900900536087e-09 8.769836768141496628e-04
-9.864051012335450805e-10 9.661819854976027785e-04
-4.740896303579323106e-09 8.857494132449653937e-04
-2.747802891191480688e-09 9.802729673801457381e-04
-7.143398581368349513e-10 8.423077837459914301e-04
-8.525658689769194338e-10 8.638552250143297214e-04
5.946612815589434667e-10 9.494891800210156479e-04
5.169938174820613345e-10 8.454812507938868835e-04
-4.004085185249353523e-09 7.923585749128160896e-04
-2.935091557151917957e-10 8.619255863364040562e-04
-7.767994211244158132e-10 6.834121243414123786e-04
-1.608129449004105912e-09 8.792152964073818517e-04
-1.836102761854453515e-09 8.392719412037835799e-04
-3.753579566850698131e-09 8.439238452466049168e-04
-1.062443382392750271e-09 8.859088918342608761e-04
-1.716669149999701559e-09 7.773376236519121373e-04
-3.774166281878962660e-10 9.139411551771469940e-04
2.797937210121720596e-09 9.022096802376685558e-04
-3.576496421568946950e-09 9.159863114579793429e-04
-2.496009166637008061e-09 9.204570528649175893e-04
2.147251268432920056e-10 8.700598508432225500e-04
-6.217265859519715300e-10 8.636874167232604180e-04
1.837014719332221675e-10 9.337762974368317686e-04
-1.096142931781354878e-09 8.562327890476855450e-04
1.454359093146516479e-09 8.977802034720553260e-04
-1.872701214489350068e-09 8.238747246281737015e-04
-3.749787304498084612e-09 8.746475666648313675e-04
-4.456884266871798257e-10 9.002209598204714445e-04
-1.930438419702334711e-09 8.594979944712463193e-04
-4.488493346391329772e-09 8.865461887796615998e-04
1.894988974611549338e-09 9.648185642976894044e-04
-3.880678108874664659e-10 9.609343721325412386e-04
-5.164871780548727879e-09 8.075416978594523532e-04
6.485629415905206128e-10 8.566334874623439096e-04
1.464362192921456477e-09 8.005276667241994918e-04
2.966684072279764849e-09 8.429481578394802492e-04
-1.745748988546494919e-09 8.571563970748440108e-04
-5.878653958743225228e-09 8.509707684556995109e-04
-3.927732528254108698e-09 7.977899595174483801e-04
-3.412260753883924195e-09 9.524293501696842355e-04
8.658855407479862168e-10 8.655579930721916254e-04
-3.799844502248421836e-09 8.116408241929860779e-04
-3.035885480343057106e-09 8.773082778608916679e-04
-2.943695787243103530e-09 9.594717053286440584e-04
5.568897138252210327e-10 4.948687278601198109e-04
2.874686732523019194e-10 8.666372539152642114e-04
-3.662637468139854622e-09 9.194078476185158638e-04
6.253850602470368337e-10 8.232003742015975029e-04
-5.760155001828953150e-09 7.745571473965578947e-04
-4.047056083102094174e-09 7.451878856017681539e-04
2.273200432328114745e-09 6.329467831184763240e-04
-1.013427878085805784e-09 8.271841744828372636e-04
-9.109288374070953835e-11 8.431383777720733927e-04
1.896408355936867949e-09 8.803472600448529126e-04
-7.306678088509238983e-10 8.183094513156352829e-04
-3.773825286124971601e-10 8.083461631517253540e-04
-9.373649765690020705e-10 8.227640889458874649e-04
-2.599777511171007089e-09 6.260872331744695308e-04
-3.630223073143215737e-09 8.469478688030220590e-04
3.657639920441758548e-10 7.963250043206661832e-04
-3.799336871232040181e-09 7.836791673405254588e-04
3.685225673546424428e-10 6.979247446122100471e-04
-5.947410541794070135e-09 7.647128587026201518e-04
-2.350585661689166037e-09 4.731355370358274453e-04
-1.343838068841529901e-09 7.992222862416246271e-04
-3.361710691803747085e-09 7.239588578703308941e-04
-8.267333314025319239e-10 7.790267149221024668e-04
4.164582050867042381e-10 8.265047573665415927e-04
-2.202416918610858546e-11 8.895459390635564569e-04
-1.833648409327184029e-09 8.461942456665689930e-04
-3.715975366950971499e-10 8.064193967219533080e-04
-7.468864630893666021e-10 7.651632060450302324e-04
-4.661570652578590041e-10 7.538053313009498600e-04
-1.433613223621346106e-09 8.707238830259540112e-04
-5.651314696831003087e-09 8.290658518389850155e-04
-3.209492040250617359e-09 6.981989295062997550e-04
1.569808012981661654e-09 8.483728272899870729e-04
-8.930954904315353867e-10 7.740662271850859682e-04
-8.656413535638485642e-10 8.756957314664497042e-04
-4.582895306206668058e-10 6.392720531358060589e-04
1.048359244156649799e-09 8.744287942069663708e-04
-5.612330047578672579e-10 8.705122717596582233e-04
-1.126549386752137130e-09 8.190535478960265419e-04
-1.516049823404954550e-09 8.177039768935689956e-04
-1.486558633506125361e-09 6.870087115895260384e-04
-3.643970347446886659e-09 8.250472505864741820e-04
-2.458896327317160189e-10 8.157944020621264334e-04
-4.698466891167282756e-09 8.763355008790780186e-04
1.537218711932891429e-10 7.999746775297719324e-04
-2.051918245262692319e-09 8.070536631112021917e-04
-1.187878941410049368e-09 9.102846144616451134e-04
4.715115749542241804e-10 8.430331415337778385e-04
-1.794007010949038337e-10 7.841724711340045031e-04
-2.068241335245517273e-09 7.914113640754284447e-04
-3.887065154612898008e-09 9.381644627159407704e-04
-1.825956299545068477e-09 8.082465966445963454e-04
-2.116965226667766627e-09 7.998495678545284194e-04
-1.356557153918130849e-09 7.947386316330088286e-04
-3.561124753569513128e-09 9.434159729767250873e-04
-3.005638571776001456e-09 6.920114188515865241e-04
-1.807454431861142403e-09 7.333861328471164877e-04
-1.104603760418860367e-09 8.554081579010068244e-04
2.657773215307304386e-10 6.279950657010099609e-04
-2.028860304570148953e-09 9.203879084900807401e-04
-2.279037373005993878e-09 7.031346073830489199e-04
-9.305846304461826219e-10 7.786788433344850237e-04
3.247268132743947970e-10 7.004086054315306672e-04
-2.785422324764309567e-10 9.432727863998983161e-04
-7.431367015561649217e-10 7.418734776442035845e-04
-3.275992473408195797e-10 8.383704449902767888e-04
-2.401210601760098491e-09 8.016366368562731146e-04
4.301514701033158321e-10 5.991971455881195657e-04
-1.356252035923626577e-09 9.135487229105957807e-04
8.761822695262259427e-10 7.557178782975523508e-04
-2.066381599223218412e-09 7.764919860781229399e-04
5.379815252949643423e-10 9.176126022860180923e-04
6.900301434752142078e-10 7.169015265018551745e-04
-2.432621378801796795e-09 6.783334324641960037e-04
-4.100574174368249620e-10 9.543533891424138375e-04
8.932681773039148256e-10 8.421157876086817753e-04
-2.960015561341901143e-09 6.864729508358889025e-04
-1.672803495736039796e-09 7.077136851708508338e-04
-2.166974598749368501e-09 7.423869789080100347e-04
-1.778414869365391320e-10 8.234538154571161440e-04
-1.427796591313202865e-09 7.465570728319184625e-04
1.266506205275170061e-09 8.250866114174673768e-04
-1.005458628767724699e-09 8.328796329666773553e-04
-3.152757636357030212e-10 7.530631376094930243e-04
-2.219367657886143954e-09 6.878341234593190632e-04
-1.021324160201426821e-09 7.870341440547219680e-04
5.100524516611869690e-11 8.249153080168256536e-04
4.485299508457972279e-10 8.366991288300309462e-04
2.149098515935958086e-11 6.955988268761552915e-04
4.007807315551058387e-10 8.404750326790152342e-04
1.113066471596023439e-09 7.856480240501862236e-04
-3.007341156896641966e-09 8.401865534181680991e-04
-8.847747870045818981e-10 7.010292483415790036e-04
-5.410631373765755518e-09 7.383862400395484063e-04
7.608149427012011642e-10 8.449397218087701528e-04
-6.498250842258267170e-10 7.371287511349677900e-04
6.548225580735190474e-10 8.537049607152260655e-04
-2.196840961891023979e-09 8.482002336206770745e-04
1.461028069467862205e-10 7.741616035704762490e-04
-6.072104360620629824e-10 8.526583947957460698e-04
-2.501124312825369191e-10 7.701944328836469837e-04
-1.881449950322666961e-09 8.035908975534949289e-04
4.132526029662344660e-10 8.754306145342161160e-04
1.049655766007242091e-10 7.658545634048626429e-04
-2.005816796583426247e-09 7.689558799622211310e-04
1.669374262020581740e-09 7.876296139279636730e-04
-1.296499572985062980e-09 6.956821571163072536e-04
-1.683168629774382132e-09 8.237945569162957206e-04
-2.128767436039764924e-09 7.899086895463158526e-04
-4.039557544056496059e-09 8.786659757674525600e-04
-2.281164368305632843e-10 7.060323542232567300e-04
-2.971498852127410071e-09 7.246513396039070461e-04
-6.102711717156333298e-10 7.599481334820630584e-04
-5.226582198403444882e-09 7.752359443359815774e-04
1.110336953218400090e-09 6.972283911890824696e-04
-2.485046061944686773e-09 7.527398646537953849e-04
-2.755496121964499290e-09 8.430714825758626584e-04
9.958746243205404248e-10 8.288748283354185464e-04
-3.624007320493890760e-09 7.249123143439082989e-04
-1.569431983819084625e-10 6.723651042479445502e-04
1.066639775652617876e-09 8.711573867759207605e-04
-1.669394858637865245e-09 7.315418851790406836e-04
-1.714300246191078581e-09 6.049957511677050677e-04
1.546722086289205955e-09 7.103854533532607575e-04
-3.750944678397709833e-09 6.596284573438791245e-04
-1.081602088564078638e-09 6.124705442296423047e-04
-1.943985657634063815e-09 8.178916168779463546e-04
2.900884733334063742e-09 6.339285105572443424e-04
-7.022808221096946957e-10 6.973147584147828919e-04
-3.402625192574526598e-09 6.767916343761593966e-04
-1.225329999406484414e-09 7.055404706504803374e-04
-2.800978050918688479e-09 6.647311807653503903e-04
-1.950574249903714447e-09 7.626034752741771543e-04
1.891114516025351321e-10 9.207066109702333667e-04
5.525565389296192746e-11 5.908811563365213345e-04
-3.472431421708354085e-09 5.375282560833320646e-04
-7.607668153340189016e-12 8.983861688441527847e-04
-6.360994311786992545e-09 7.365450045245307232e-04
3.526900843353412134e-10 5.640397043933551794e-04
-9.927695391000846657e-10 5.665756502074437021e-04
-6.999522088682530820e-11 5.341699440250516264e-04
-1.317936237120616652e-09 5.528365785911928780e-04
-4.613948763081824361e-09 7.546259971244516709e-04
-3.031972131186022317e-09 5.505261219246724734e-04
-2.391501353679893155e-09 6.896323243441703638e-04
-3.689862046103258475e-10 6.839654348722988986e-04
-1.782353849654320952e-09 6.845891060377484478e-04
-1.505450397314942502e-09 7.957811086891301410e-04
-3.256362680141784091e-10 5.109388865857424902e-04
1.780231318213955189e-10 9.522354234650588691e-04
-5.912728004653478549e-10 8.267704642125949053e-04
-9.229991008157688701e-10 8.137677732454829055e-04
1.402171599418137346e-10 6.918144481082474625e-04
-6.078037671296388159e-11 5.220092559587651785e-04
1.625511362151365421e-09 4.517214232770370985e-04
-9.843660920415540660e-10 5.302407615046081423e-04
-2.382089775958718379e-09 5.531309446136939987e-04
9.152495435583080237e-12 9.170217896665164899e-04
-1.993496444530322688e-09 5.860510496294775874e-04
-1.115654962566305866e-09 5.730458249394827178e-04
1.415086390697492721e-09 6.896709271691970787e-04
-5.240564724067182842e-09 5.214144221408607794e-04
-1.488006846730102660e-09 8.075658476423583192e-04
6.557576101895772037e-10 6.885933187926331729e-04
-6.650294809632932730e-10 5.156838262627831985e-04
-2.001819777860726550e-10 5.534774769889690745e-04
-4.410234070176731392e-09 6.413160709868610939e-04
-1.687988645530346583e-09 6.150501846434742450e-04
1.502923913448184545e-10 7.134686770404255474e-04
4.615069985627019451e-10 4.952725318135859506e-04
8.847842239586569725e-10 6.923732815608393473e-04
-8.339868055251266852e-10 6.053762568987754991e-04
-4.963122802648560133e-09 4.469259036026467348e-04
1.575842489891514784e-09 5.215672527435912626e-04
-1.737663517888693389e-09 6.088903289218652827e-04
-1.186106072425986341e-09 5.995142795620509108e-04
-2.377703032135746968e-10 5.325099042223804769e-04
-2.338058215384852914e-09 4.830054559605489409e-04
7.623963372593833389e-10 6.516371350789343072e-04
-2.880362737281488260e-09 6.695628636779937717e-04
-2.133164476596196659e-09 5.972097739448288187e-04
-2.229943834497527562e-09 6.319644558470695599e-04
-2.805694725978644841e-10 5.088790564772947963e-04
-3.682480263721732288e-09 5.251021719800603484e-04
-2.599450232312091557e-09 3.811854567005958832e-04
-3.040222721733352622e-09 6.440979098682360349e-04
-1.234111715246790246e-09 4.599654518989310949e-04
7.014365303766634744e-10 6.147366967792451458e-04
-2.575569481729227470e-09 5.333520096060591787e-04
-2.263066449841533110e-09 5.025291626628156571e-04
-7.552571422146247304e-10 5.570697459011131076e-04
-2.359630795654364771e-09 5.703219006901956477e-04
1.258685327572300800e-09 5.319169395910267354e-04
7.161445022932813801e-10 3.149906265750346593e-04
-1.986871563718449106e-09 5.220005862433646200e-04
-2.470638342116413261e-09 6.191842253403485397e-04
-7.736803652734211731e-10 5.351385154978835273e-04
-3.333618459468987454e-11 6.678342808037750515e-04
-4.121474843472236813e-10 3.658069816528760525e-04
2.072799639690004725e-09 3.399395522079385950e-04
-3.828080640109552458e-09 4.926404603159191976e-04
1.703615733487046470e-10 3.558121494559269649e-04
-3.688899435413948905e-09 5.255525514163539693e-04
-1.790331237665462738e-09 5.191588371456011368e-04
-8.532320965397461336e-10 3.519960746136328541e-04
1.320766687748058395e-09 5.214707882604086671e-04
-1.404738561715081707e-09 3.751645381228775177e-04
-2.108548053696163015e-09 3.148784034243447554e-04
-9.537100317683220398e-10 3.156024458106513665e-04
-3.155273312970058643e-09 5.235013875981418428e-04
-3.951134827190862785e-09 3.505406015982765540e-04
1.083719212724706936e-09 3.162730097440089841e-04
-2.264005802858757938e-09 2.879870259338993075e-04
-3.448489805666469304e-11 3.170984916755843937e-04
-6.820540425382342560e-10 4.943249694923525879e-04
-7.781375903556040563e-09 2.546638663906973282e-04
-3.445313871643906944e-09 3.994327121468188579e-04
-5.041789893177760677e-09 2.849779424593740034e-04
-1.884653941877174085e-10 2.213988095674431769e-04
-3.117041997587852555e-10 5.526143471012893256e-04
-2.905857584259289983e-09 3.931706909840100594e-04
-1.945344412705699331e-09 5.723924772802429064e-04
-2.607725724187417400e-09 1.429661386545287355e-04
-3.925535491111975631e-09 1.780709610901380375e-04
-1.278802999689770351e-09 2.549679604089761836e-04
6.268912131714029271e-10 1.993271835050394085e-04
1.903247744907438700e-10 2.204877296796535643e-04
-3.332259870113591201e-09 2.146036086435953538e-04
-3.604884276297087632e-09 5.113803807422742697e-04
1.523567908575094891e-09 2.239069905547809479e-04
-2.679878474421511222e-09 1.701580624759352117e-04
-6.535416243584936213e-09 6.169502179541631881e-04
-3.689281145018078793e-09 1.845425475449020199e-04
-2.993609552436315558e-09 2.166607902736661980e-04
-1.188567807432957182e-09 6.399626085046382752e-04
-3.782071338329555202e-09 2.119838024528036748e-04
-2.941790782629949819e-09 1.888564964554354322e-04
-3.678862763688125943e-09 2.080865125739111445e-04
-5.572592668381340086e-10 2.051554143834871289e-04
1.052946475154783982e-09 1.966867432904980870e-04
8.871642827460888848e-10 1.912105148406547349e-04
-5.213034717948417622e-09 3.271108277935604004e-04
-2.572912501190005636e-10 2.325040303809571311e-04
-9.601934228582904548e-10 2.053082880942000464e-04
-4.808511961859175713e-10 6.279273143333784658e-04
-2.276838034631071865e-09 5.933124677696636345e-04
4.986689156503115316e-10 3.632415813235711903e-04
-2.934019829983188417e-09 6.409671471154556590e-04
1.117689205246088294e-10 2.189174779939516077e-04
-3.045157558587495370e-09 6.477413027876275081e-04
-6.872402118429897772e-09 5.969213430793457887e-04
-1.590558385935072549e-09 2.083242829192145245e-04
-5.896519084578726614e-09 2.770862822579637564e-04
-2.138899576793732055e-09 2.049978817629207384e-04
-2.667408617895773341e-09 1.769063242674779170e-04
-1.189807073817540504e-09 2.054099485592025777e-04
-2.344422413401948434e-09 3.042331599961430695e-04
-1.592422955052329926e-09 2.456303830889596885e-04
-3.754965020549569343e-09 2.034813294464495167e-04
-1.765569475007665041e-09 2.861077585329906137e-04
-3.276856580109640577e-09 6.109806090176448084e-04
-1.252817247747899219e-09 2.330333096305752514e-04
-2.250406963495684283e-09 6.208763584174174050e-04
1.323776932433972052e-09 5.448111198369306064e-04
-3.199270975639308205e-09 3.319446574115559440e-04
-2.325108177307919403e-09 2.469038079307299448e-04
-8.202507226584864594e-10 6.350299782928793850e-04
-3.382915758802988043e-09 6.417538380860334131e-04
-3.556873471964731273e-09 2.540714875337923362e-04
-2.375087467128760156e-09 2.288442694251254319e-04
-5.578095527261734948e-10 5.968312955561713663e-04
-4.448633581427742684e-09 5.825022567350123057e-04
-3.963513295326991519e-09 2.080697708782548012e-04
-2.821021495567478972e-09 6.133747868628875366e-04
-2.296471271237915184e-09 2.610950769706476085e-04
-5.552032229309244336e-10 2.558298493948939450e-04
-5.003701207381523594e-09 5.135491336106401015e-04
-3.926783496454772384e-09 5.975422707034760798e-04
1.420995352919337538e-10 2.024768793170743581e-04
-6.536446109477220556e-09 3.075885123622987163e-04
-5.032472708281505776e-09 2.376815010365634245e-04
-1.476625714039036545e-11 2.361847808775932871e-04
-6.967943317116680548e-09 3.340953097335710585e-04
-2.348048518595897716e-09 2.072572984314614798e-04
3.330874970430448567e-10 6.121400952161861224e-04
-2.674296573852569282e-09 2.472488387104672760e-04
-1.619526574824587081e-09 2.512537225316978308e-04
-2.257045932366837159e-09 3.020256194159126411e-04
-2.330249213152255332e-09 5.870312775188680316e-04
-5.338783328838394185e-09 1.938779564020005517e-04
-1.939754193979766000e-09 2.081361432465018871e-04
-8.955206808126369729e-10 2.222967202494991758e-04
-3.420268968696733084e-09 2.561243952000184787e-04
-9.188502737543426886e-10 3.248969260668608107e-04
-3.695420300208803689e-09 6.628545325998827552e-04
-2.665099477054693964e-09 2.506636405512955267e-04
-7.483777155922727028e-10 2.604969685660360034e-04
-4.403969727485593325e-09 2.180702455534197243e-04
-1.803074643623335684e-09 3.575071854074228310e-04
-3.973923570168672720e-09 2.142458702309814388e-04
-3.510021369639286331e-09 6.071190591421061827e-04
-3.608697694562854823e-09 2.448260747921777308e-04
-2.867639137926153286e-09 2.775463151841479209e-04
-3.818370547804101503e-09 2.680484772021101900e-04
-4.752179122627353753e-09 5.879865807799929773e-04
-2.047632753621778402e-09 3.435855606629949644e-04
3.517839757526730061e-09 2.635782081710277142e-04
-4.065497757431530601e-09 6.648606226657144272e-04
-2.412994555182341298e-09 2.853941671749053873e-04
-1.175441692308198807e-09 2.957766359211791950e-04
-7.320720805739445799e-09 2.884277713942100187e-04
-1.082670018588004174e-09 2.706596268596042892e-04
-1.371399139414863482e-10 2.757629737432316431e-04
-3.602625550174121752e-09 2.888966515292196472e-04
-1.089273112401792426e-09 2.937546471249994945e-04
-9.402200042641281406e-10 2.788691280115334508e-04
1.759393683648310713e-10 3.068637499932934821e-04
1.496903510601575572e-09 2.808549741690195183e-04
-1.534434199330420806e-09 2.812128565184981391e-04
-5.587349067979560004e-09 3.669682312020902562e-04
-3.792561088131806463e-09 3.046388452590029607e-04
-8.416152923917842038e-10 3.069547465164853086e-04
-3.429514995963395855e-09 2.937027958152452060e-04
-6.228144928180826141e-09 2.772279498196993531e-04
-3.986148949417751298e-09 3.247838413077928379e-04
-4.260142287608638323e-10 2.655466815517053400e-04
-2.425016914672646556e-09 2.870277080136302288e-04
8.303623722409170400e-11 3.169390695013746219e-04
2.480339688079752737e-10 9.926680540827369226e-04
5.634643445598598386e-10 2.742636951444741688e-04
-3.167472329857397227e-09 2.579908447322572761e-04
6.021847696399937646e-10 2.680597802108458162e-04
-2.096142860842052992e-09 2.887325371842412486e-04
-2.855518300459099669e-10 2.689300107610174181e-04
-1.866783205271487033e-09 6.923143843759696102e-04
-2.266406670309749037e-09 3.506291790929082892e-04
2.497363981034762719e-10 6.755773123063476800e-04
1.372361767791186879e-09 1.079521202005256225e-03
-3.255946014075695813e-09 8.159046455544257791e-04
-1.839617645011422802e-09 9.162121334383953319e-04
-1.807933658193648421e-09 9.204394923905380660e-04
-2.347518075114318410e-09 2.940641359149664784e-04
-3.743221360526259010e-09 2.749254653678044873e-04
-1.622682798759756293e-09 2.757374221000335481e-04
-1.074080538800844128e-09 9.451683497687649775e-04
2.116497576546322838e-10 2.637725845667429473e-04
-2.400575744979744792e-09 1.407542657976383138e-03
2.100954718259624144e-10 1.391848912500723637e-03
-4.124020974424454625e-11 2.824090370169539681e-04
-1.400940689232272059e-09 2.923415928360633331e-04
2.871281809409348822e-10 2.825904907714128647e-04
-3.430711857232339851e-10 1.388551857939378849e-03
-9.447293584744528680e-10 1.403335244973587768e-03
9.350714329155907182e-10 1.440816881310282493e-03
-2.338666887208380154e-09 1.534529617214284427e-03
-6.300762972883709669e-10 1.213655305652401725e-03
-1.125331456583640642e-09 2.352179529819395853e-04
-1.414392511068001558e-09 2.928468563167729508e-04
-2.765448227407753245e-09 3.301892140957513196e-04
-2.318004385847840741e-09 1.343981420905787172e-03
-7.861250671569984467e-10 2.203333246087162286e-04
-2.659832992476282404e-09 2.016697229792359641e-03
-2.300619279215635869e-09 8.654531620025629176e-04
1.159600492752848309e-09 2.243618188533899171e-03
-1.146986547083979398e-09 2.117594780706389714e-03
-9.872796171951884201e-10 2.868318730604114335e-04
-1.068886418247760347e-09 2.132141747250516830e-03
1.483464292804440523e-09 1.372854723265174272e-03
-2.276588151402201547e-09 1.919523346392847584e-03
6.640191367794429502e-10 2.656328756992079381e-04
1.755248163545456305e-10 2.740717015153098981e-04
-3.958209845870262408e-09 3.342947720842057678e-04
-1.831817370722407701e-09 3.454039179209049079e-04
-6.002516162597187607e-10 1.266625046199497309e-03
2.890684997980333101e-10 3.530386274225307767e-04
-5.091769889646830080e-09 2.271612718358788688e-04
2.046454977343086728e-09 2.309705650183725006e-03
-2.702038513382078573e-09 2.722615591454093879e-03
-4.564456964015498939e-09 3.112706421438832423e-03
-2.362638585355731323e-09 4.146335852637257798e-03
-4.096661908784483138e-10 3.617359206677087558e-04
-9.660556933063841169e-10 2.182409726547121249e-03
-2.309244730307946477e-09 3.196817021199161802e-04
7.543697583400562028e-12 5.337145585581032185e-04
-3.626134260092954961e-09 2.459884429934470693e-03
-4.036274658944446750e-10 7.294456515874675820e-04
-2.147070605592707393e-09 3.339423745467498387e-04
-2.473946853399127037e-09 4.659512466906195766e-04
-2.229426101448426361e-10 4.571028887730763449e-03
-3.326959072041994242e-09 2.452897663481689618e-03
1.288432498740720746e-09 3.080014865362345425e-03
-1.857070998131503414e-09 2.642505605842383493e-03
-2.280191886040722440e-09 3.450410822075875039e-04
-3.714237671587119247e-09 7.026383156743743396e-04
6.783699536270888514e-10 6.100933459880613632e-04
-3.357934870012368610e-09 5.046111029994788163e-04
-1.608434934611812161e-09 3.203899634588290731e-04
-8.138692125494404405e-10 4.404983200051601488e-03
2.019323741627676508e-09 2.043300544172873059e-03
-3.666588057052560153e-09 2.131638576280709286e-03
-8.456229409632209987e-10 2.770869497504014896e-04
-3.634848796672819165e-09 4.837509951225160525e-03
-3.665890828131514201e-10 2.867784268536318249e-04
-1.137219881303060319e-09 1.114867595816568246e-03
-1.470062037839801263e-09 2.863914000588150578e-03
-1.085593652307667125e-09 9.776506353640691295e-04
-6.203776434584640764e-10 8.815522347182953291e-04
9.517908987228419806e-10 2.860349809132982932e-04
-2.946736194916967411e-09 1.949594711293909429e-03
-3.502662108379841525e-09 7.744727190430694512e-04
-4.176391970951943102e-10 4.375694482885142747e-03
-2.129428512400111736e-10 1.182606507269436851e-03
-1.340607623540038061e-09 1.190263054081732363e-03
3.188227727418421091e-10 4.754119285326351314e-03
2.823114563982558491e-09 2.939115738879349154e-03
-1.505580142811452784e-09 5.195497207005237046e-03
-2.620381018829259430e-09 1.147446627807715202e-03
-2.388478491195215292e-09 3.476251402740960453e-03
7.282173922448275093e-10 5.243109763087747642e-03
-3.806629599025096503e-09 2.953714023409288042e-04
1.213884821085269149e-09 1.163905330812161102e-03
9.707755347851786051e-10 4.887517355739572425e-03
1.774212008719056307e-09 4.038343208571610297e-03
-1.015291882391316405e-10 3.163401662462199935e-04
-1.955164114522849887e-09 1.173528598023674705e-03
-2.120770374376039904e-09 3.471707175563763488e-04
-4.773518347453458894e-09 2.762977976028482981e-04
1.113324784407507022e-09 4.731439101737065431e-03
5.040732074549389912e-10 9.494927603753659925e-04
1.127692284504656389e-10 5.057745940232629377e-03
3.941343208642666086e-10 1.196596431765588634e-03
-3.507074304908089600e-10 2.914515625199758835e-04
-6.941772493281034476e-10 1.225184662243302119e-03
2.220437491320061580e-09 2.165947435189136561e-03
-1.536900893027071144e-09 9.536409083087505440e-04
-1.687684675862037744e-09 5.255553989813861564e-03
-4.944062196597173000e-10 2.138365823171950453e-03
-3.379573810921439352e-10 1.207431368302753875e-03
-2.295754000291737597e-09 1.218588121755750497e-03
-3.934374256908788708e-09 6.357889905110121649e-04
-2.458668624242678229e-09 2.687718442954900805e-04
-8.816729563430602258e-10 1.226151150121926586e-03
-4.711447936455362149e-09 2.987208813840474381e-04
-3.426012356163263772e-09 1.221912687024153624e-03
1.028727747502790462e-09 1.162821804063445680e-03
4.648572215349221953e-10 1.217721186518067652e-03
1.346106232374669250e-09 5.180097037695504530e-03
-5.915099978428398907e-10 1.090451882061052548e-03
