-2.816419521061106888e-08 1.000000000000000000e+00
-3.326535165726405283e-08 1.000000000000000000e+00
-1.075031029520968123e-08 1.000000000000000000e+00
-4.293953160586542252e-09 1.000000000000000000e+00
-2.332209896438359181e-08 1.000000000000000000e+00
-4.456268228241427555e-08 1.000000000000000000e+00
2.103199426017981896e-08 1.000000000000000000e+00
-4.689986526913749579e-08 1.000000000000000000e+00
1.012634428287426573e-08 1.000000000000000000e+00
-4.935534358888359709e-08 1.000000000000000000e+00
-1.094884161737092862e-08 1.000000000000000000e+00
-1.012833415859753454e-08 1.000000000000000000e+00
2.544504787296273571e-08 1.000000000000000000e+00
-2.627879891252267441e-08 1.000000000000000000e+00
7.558753775937945623e-09 1.000000000000000000e+00
2.823633191964162246e-08 1.000000000000000000e+00
3.615638587191483450e-08 1.000000000000000000e+00
-1.715974344201797633e-08 1.000000000000000000e+00
2.347892222234729972e-08 1.000000000000000000e+00
2.001428192651667440e-09 1.000000000000000000e+00
-4.729714610585856147e-08 1.000000000000000000e+00
2.176614739449639862e-08 1.000000000000000000e+00
7.838251059315983903e-08 1.000000000000000000e+00
7.233724147304386174e-08 1.000000000000000000e+00
-4.581020886971886993e-09 1.000000000000000000e+00
5.059684506269969479e-08 1.000000000000000000e+00
1.804162348343131536e-08 1.000000000000000000e+00
-1.177645754517824159e-07 1.000000000000000000e+00
4.808127426938450231e-09 1.000000000000000000e+00
-6.341646724115598782e-08 1.000000000000000000e+00
3.568473971696018338e-08 1.000000000000000000e+00
3.384027004330639641e-08 1.000000000000000000e+00
1.060004494107080620e-08 1.000000000000000000e+00
2.368737588649220479e-08 1.000000000000000000e+00
1.285836678315340673e-09 1.000000000000000000e+00
-5.965433721324616192e-09 1.000000000000000000e+00
-3.936190759643676633e-08 1.000000000000000000e+00
-1.213181221047089927e-08 1.000000000000000000e+00
-5.379672475160559332e-09 1.000000000000000000e+00
2.256952298791459653e-08 1.000000000000000000e+00
3.134359613864493647e-08 1.000000000000000000e+00
-1.015024518054033155e-08 1.000000000000000000e+00
-2.498855503310479387e-08 1.000000000000000000e+00
5.089718716726911418e-09 1.000000000000000000e+00
-9.687495675921685752e-09 1.000000000000000000e+00
3.084139791542579756e-08 1.000000000000000000e+00
-4.612013575999647917e-08 1.000000000000000000e+00
-7.052235850793337717e-10 1.000000000000000000e+00
-4.457757565022218577e-08 1.000000000000000000e+00
-6.401644554204001570e-08 1.000000000000000000e+00
-4.707950057424868135e-08 1.000000000000000000e+00
-6.800282505169551000e-08 1.000000000000000000e+00
3.613485471657681592e-08 1.000000000000000000e+00
6.166220903205368910e-08 1.000000000000000000e+00
-9.219368637505460592e-09 1.000000000000000000e+00
-2.323866257970290235e-08 1.000000000000000000e+00
-2.004114676693746955e-08 1.000000000000000000e+00
2.164004351651361986e-09 1.000000000000000000e+00
2.071850477133710262e-08 1.000000000000000000e+00
7.535330979742356002e-08 1.000000000000000000e+00
-1.834015581078132940e-09 1.000000000000000000e+00
-2.437037378378678276e-08 1.000000000000000000e+00
-1.354242414439145089e-08 1.000000000000000000e+00
6.311956962786825137e-08 1.000000000000000000e+00
8.842407512647654329e-09 1.000000000000000000e+00
-3.257703071292729376e-08 1.000000000000000000e+00
-1.206969766582451217e-09 1.000000000000000000e+00
-3.694442116834789257e-08 1.000000000000000000e+00
2.945310888746917894e-08 1.000000000000000000e+00
-2.595077986196207097e-09 1.000000000000000000e+00
-2.443366471166989513e-09 1.000000000000000000e+00
2.187194744538765698e-08 1.000000000000000000e+00
-1.127843682915459321e-08 1.000000000000000000e+00
5.948127754278379547e-08 1.000000000000000000e+00
2.133650580388006838e-08 1.000000000000000000e+00
-3.698916643658724536e-08 1.000000000000000000e+00
-1.453776525746071260e-09 1.000000000000000000e+00
2.273859638556053642e-08 1.000000000000000000e+00
1.381442550716707544e-08 1.000000000000000000e+00
-3.465516122865967085e-08 1.000000000000000000e+00
-2.752097926830331616e-08 1.000000000000000000e+00
2.678446134948515698e-08 1.000000000000000000e+00
-2.236811341624258329e-08 1.000000000000000000e+00
-4.036772050969661461e-08 1.000000000000000000e+00
2.475058328082573396e-08 1.000000000000000000e+00
6.014006170521324560e-08 1.000000000000000000e+00
-6.325040397066817249e-08 1.000000000000000000e+00
-5.852177027084504400e-08 1.000000000000000000e+00
3.656056441363041355e-08 1.000000000000000000e+00
7.008682089278873373e-08 1.000000000000000000e+00
1.269954923761457735e-08 1.000000000000000000e+00
1.330219509473152447e-08 1.000000000000000000e+00
2.144695031992447721e-08 1.000000000000000000e+00
-2.157445999595029202e-08 1.000000000000000000e+00
5.720320395729749400e-08 1.000000000000000000e+00
6.147667725799421329e-08 1.000000000000000000e+00
5.325173584730062709e-08 1.000000000000000000e+00
2.141466962229311382e-08 1.000000000000000000e+00
-4.694330928166472765e-08 1.000000000000000000e+00
-1.785961657877401542e-08 1.000000000000000000e+00
-1.723053396933615422e-08 1.000000000000000000e+00
1.100190028257920688e-08 1.000000000000000000e+00
-1.436823112094233134e-08 1.000000000000000000e+00
-3.217581373192053661e-09 1.000000000000000000e+00
1.645770261463272779e-08 1.000000000000000000e+00
2.406412495822709759e-08 1.000000000000000000e+00
4.311622391163697272e-08 1.000000000000000000e+00
3.916173152032638429e-08 1.000000000000000000e+00
1.296771389614523793e-08 1.000000000000000000e+00
-5.378927400513242485e-08 1.000000000000000000e+00
5.340966476649844950e-08 1.000000000000000000e+00
4.349560460734253285e-10 1.000000000000000000e+00
6.647870195915031597e-09 1.000000000000000000e+00
-1.872024524647972227e-08 1.000000000000000000e+00
-6.578918618698092905e-09 1.000000000000000000e+00
3.450882321992407912e-08 1.000000000000000000e+00
-2.961062068582972389e-08 1.000000000000000000e+00
-4.430193322787612607e-08 1.000000000000000000e+00
5.452325360626268305e-08 1.000000000000000000e+00
7.253370267048523197e-08 1.000000000000000000e+00
5.115163100672757759e-08 1.000000000000000000e+00
1.157698910322030995e-08 1.000000000000000000e+00
1.919164050338898241e-08 1.000000000000000000e+00
7.562779590013761648e-08 1.000000000000000000e+00
1.585721572169839197e-08 1.000000000000000000e+00
-2.368949743404077942e-08 1.000000000000000000e+00
6.232646522258332223e-08 1.000000000000000000e+00
-5.807148224846746597e-08 1.000000000000000000e+00
1.130486811644784984e-08 1.000000000000000000e+00
5.675379809230515733e-09 1.000000000000000000e+00
3.553908586613070341e-08 1.000000000000000000e+00
7.308527520395868484e-10 1.000000000000000000e+00
-8.258524588199086058e-09 1.000000000000000000e+00
2.948661858913084555e-08 1.000000000000000000e+00
-1.997683060007015790e-08 1.000000000000000000e+00
7.762868384977861583e-09 1.000000000000000000e+00
1.666409172533287012e-08 1.000000000000000000e+00
-2.555883746501471057e-08 1.000000000000000000e+00
-4.252040734587612371e-08 1.000000000000000000e+00
-4.177167461593407668e-08 1.000000000000000000e+00
6.688068025733521263e-09 1.000000000000000000e+00
1.726322555096038521e-08 1.000000000000000000e+00
2.907455709010121569e-08 1.000000000000000000e+00
2.399561521926557416e-08 1.000000000000000000e+00
2.542939155754657437e-08 1.000000000000000000e+00
3.896255595472329505e-09 1.000000000000000000e+00
2.103779444448954544e-08 1.000000000000000000e+00
1.078212997451175154e-08 1.000000000000000000e+00
-1.212457464107798553e-08 1.000000000000000000e+00
5.695247755264079253e-08 1.000000000000000000e+00
-1.063086337746818129e-08 1.000000000000000000e+00
8.594038252681819976e-08 1.000000000000000000e+00
5.404720379282226558e-08 1.000000000000000000e+00
2.430957096812792982e-08 1.000000000000000000e+00
1.221213974988213286e-08 1.000000000000000000e+00
5.543426926160627961e-08 1.000000000000000000e+00
4.823069906017317117e-08 1.000000000000000000e+00
-1.272242238153704618e-08 1.000000000000000000e+00
8.718321452568889201e-10 1.000000000000000000e+00
2.483969170333291789e-08 1.000000000000000000e+00
-1.002980709763596367e-07 1.000000000000000000e+00
-4.808222273667594084e-09 1.000000000000000000e+00
-4.883247185468720486e-08 1.000000000000000000e+00
-2.246196499948792391e-08 1.000000000000000000e+00
4.063794070532357126e-08 1.000000000000000000e+00
8.258784353220075109e-08 1.000000000000000000e+00
-9.557567883551602714e-09 1.000000000000000000e+00
-6.077382645875172362e-08 1.000000000000000000e+00
3.168730724514550921e-08 1.000000000000000000e+00
-3.042847004476613843e-08 1.000000000000000000e+00
1.628702481868323087e-08 1.000000000000000000e+00
-5.406421637449058676e-08 1.000000000000000000e+00
-3.437445685590180612e-08 1.000000000000000000e+00
-2.077952844787539737e-08 1.000000000000000000e+00
8.438903685749352659e-08 1.000000000000000000e+00
3.092082985019088245e-08 1.000000000000000000e+00
-3.023319607624074711e-08 1.000000000000000000e+00
-1.681238384496127830e-08 1.000000000000000000e+00
-2.273386147684665628e-08 1.000000000000000000e+00
-3.169758033150928871e-08 1.000000000000000000e+00
-5.897114698856700371e-08 1.000000000000000000e+00
1.600636309181056399e-08 1.000000000000000000e+00
1.796860220993622178e-08 1.000000000000000000e+00
-3.236162547327910849e-08 1.000000000000000000e+00
1.264179440222287894e-09 1.000000000000000000e+00
-2.440009627869476825e-08 1.000000000000000000e+00
-2.204404453702647830e-08 1.000000000000000000e+00
4.740615001862130065e-08 1.000000000000000000e+00
1.777240097752133932e-10 1.000000000000000000e+00
-2.091336460792229301e-08 1.000000000000000000e+00
-3.743258098660979598e-08 1.000000000000000000e+00
-8.549387870724270460e-09 1.000000000000000000e+00
1.139599315762888817e-07 1.000000000000000000e+00
3.468727272359280730e-09 1.000000000000000000e+00
-4.053867385477142196e-08 1.000000000000000000e+00
-7.882037494926772674e-08 1.000000000000000000e+00
-5.603857518869841656e-08 1.000000000000000000e+00
-4.609087053899017627e-08 1.000000000000000000e+00
-7.906866825961151028e-09 1.000000000000000000e+00
-2.298508335649089581e-08 1.000000000000000000e+00
5.682920367772517020e-08 1.000000000000000000e+00
2.774496865301232252e-08 1.000000000000000000e+00
1.115978179731888456e-07 1.000000000000000000e+00
-4.922425512498848922e-08 1.000000000000000000e+00
5.208549700311677268e-08 1.000000000000000000e+00
3.117411502992625506e-08 1.000000000000000000e+00
-4.019329379284370426e-10 1.000000000000000000e+00
4.652994421072513035e-08 1.000000000000000000e+00
-3.103235689668571806e-08 1.000000000000000000e+00
1.193214627080334760e-08 1.000000000000000000e+00
-4.153975761874511265e-08 1.000000000000000000e+00
4.360831040240044056e-08 1.000000000000000000e+00
9.683705612302015043e-09 1.000000000000000000e+00
2.449337653407776561e-08 1.000000000000000000e+00
-5.125892452249211953e-09 1.000000000000000000e+00
4.550228073734810584e-08 1.000000000000000000e+00
-3.072657947559609182e-08 1.000000000000000000e+00
-1.405909703107941381e-08 1.000000000000000000e+00
1.882344993600590021e-08 1.000000000000000000e+00
4.278684618532355792e-08 1.000000000000000000e+00
-1.012564636731454896e-07 1.000000000000000000e+00
-8.351991721697107555e-08 1.000000000000000000e+00
-1.516043785457457634e-08 1.000000000000000000e+00
-8.431800426463607080e-09 1.000000000000000000e+00
-1.414643911162234993e-08 1.000000000000000000e+00
3.776340296985810409e-09 1.000000000000000000e+00
-2.373059117636751733e-08 1.000000000000000000e+00
7.654612589327843764e-08 1.000000000000000000e+00
-5.152987958218151733e-08 1.000000000000000000e+00
6.416826334891923030e-10 1.000000000000000000e+00
-1.685330394609597440e-08 1.000000000000000000e+00
5.723846378644082068e-08 1.000000000000000000e+00
1.688471648032733152e-08 1.000000000000000000e+00
3.735121909741257584e-08 1.000000000000000000e+00
-2.338193828174844247e-09 1.000000000000000000e+00
-5.353722010344447660e-08 1.000000000000000000e+00
-7.815315088556272895e-08 1.000000000000000000e+00
-3.049339752225310381e-08 1.000000000000000000e+00
-6.979668316234946111e-09 1.000000000000000000e+00
1.607614714419858540e-09 1.000000000000000000e+00
1.891616479075997073e-08 1.000000000000000000e+00
9.586304569029503980e-08 1.000000000000000000e+00
-6.344370995928260914e-09 1.000000000000000000e+00
-1.295863390904096121e-08 1.000000000000000000e+00
-5.308309491003880792e-08 1.000000000000000000e+00
-3.001352294580925082e-08 1.000000000000000000e+00
-9.687878125265377812e-09 1.000000000000000000e+00
5.712050899291647993e-08 1.000000000000000000e+00
-2.193783336277953675e-08 1.000000000000000000e+00
2.282017375818891948e-08 1.000000000000000000e+00
-1.211642377705153839e-08 1.000000000000000000e+00
2.359666397821551853e-08 1.000000000000000000e+00
-4.457726969186148014e-08 1.000000000000000000e+00
-1.417918283562897465e-08 1.000000000000000000e+00
-5.006890574757288543e-08 1.000000000000000000e+00
-1.352710238081848447e-08 1.000000000000000000e+00
1.971420628691736268e-08 1.000000000000000000e+00
-4.855290121207384884e-09 1.000000000000000000e+00
1.828868715277042760e-08 1.000000000000000000e+00
1.010599802253817922e-08 1.000000000000000000e+00
-6.132155834817617143e-08 1.000000000000000000e+00
-2.796036725307666752e-08 1.000000000000000000e+00
2.084330915969964415e-08 1.000000000000000000e+00
3.814226703385248809e-09 1.000000000000000000e+00
2.468458384341181368e-08 1.000000000000000000e+00
4.821163444060182895e-09 1.000000000000000000e+00
-4.616949613321184655e-08 1.000000000000000000e+00
1.848820970205575900e-09 1.000000000000000000e+00
1.351066961516134042e-08 1.000000000000000000e+00
2.007667438790823458e-08 1.000000000000000000e+00
-7.220242902668832043e-09 1.000000000000000000e+00
1.897457438985811999e-08 1.000000000000000000e+00
-7.300892449925893177e-08 1.000000000000000000e+00
-3.821409698514419859e-09 1.000000000000000000e+00
3.222900831349451659e-08 1.000000000000000000e+00
-2.227625094924301411e-08 1.000000000000000000e+00
-4.462660709247479916e-08 1.000000000000000000e+00
8.488469582810321752e-08 1.000000000000000000e+00
2.996558377548685059e-09 1.000000000000000000e+00
-8.962325992346138628e-08 1.000000000000000000e+00
-4.304137993940734934e-08 1.000000000000000000e+00
-4.070473248743189251e-08 1.000000000000000000e+00
2.674993457448065454e-08 1.000000000000000000e+00
-2.484837587840835025e-08 1.000000000000000000e+00
-4.238041872772777485e-09 1.000000000000000000e+00
1.641071949666421015e-09 1.000000000000000000e+00
-2.420731518465895040e-08 1.000000000000000000e+00
-2.827856995746287216e-08 1.000000000000000000e+00
2.390550475116754152e-08 1.000000000000000000e+00
-4.032925283752589340e-09 1.000000000000000000e+00
9.703798413138067978e-08 1.000000000000000000e+00
2.698498113509250423e-08 1.000000000000000000e+00
-8.776548299753425451e-09 1.000000000000000000e+00
6.066337433789061320e-08 1.000000000000000000e+00
1.319715835513010700e-08 1.000000000000000000e+00
2.416446959243553057e-08 1.000000000000000000e+00
2.519929719134986293e-08 1.000000000000000000e+00
-4.633798298821183482e-08 1.000000000000000000e+00
7.356824644335322398e-08 1.000000000000000000e+00
-6.336652099735627492e-08 1.000000000000000000e+00
1.337537025456162850e-08 1.000000000000000000e+00
2.317701345369259530e-08 1.000000000000000000e+00
1.134188207665148591e-08 1.000000000000000000e+00
-6.813668869072399492e-09 1.000000000000000000e+00
-4.017880518326889181e-08 1.000000000000000000e+00
-2.622450965398892459e-08 1.000000000000000000e+00
-5.570971541450692732e-08 1.000000000000000000e+00
7.394226525398327565e-08 1.000000000000000000e+00
-1.282772173840413940e-08 1.000000000000000000e+00
-3.766284479859515746e-08 1.000000000000000000e+00
6.284283385135947774e-08 1.000000000000000000e+00
-1.757464328481263043e-08 1.000000000000000000e+00
-3.360311101533480907e-08 1.000000000000000000e+00
-3.952668000653989282e-08 1.000000000000000000e+00
1.026456134252387833e-08 1.000000000000000000e+00
-2.782249832279761478e-08 1.000000000000000000e+00
-2.506752453626358036e-08 1.000000000000000000e+00
-1.672927190269176426e-08 1.000000000000000000e+00
5.005032188900424499e-08 1.000000000000000000e+00
5.341637077930871134e-08 1.000000000000000000e+00
-4.745989195328780862e-08 1.000000000000000000e+00
-8.727232985767600677e-09 1.000000000000000000e+00
8.790808795992744402e-09 1.000000000000000000e+00
3.977265322919173006e-08 1.000000000000000000e+00
-6.205593241606511133e-09 1.000000000000000000e+00
-1.979155178267855562e-08 1.000000000000000000e+00
-5.807855019524525899e-08 1.000000000000000000e+00
-1.152778642229942658e-08 1.000000000000000000e+00
4.685884464387587291e-08 1.000000000000000000e+00
-1.045971534903748117e-08 1.000000000000000000e+00
1.847941898595632935e-09 1.000000000000000000e+00
4.664124646188693335e-08 1.000000000000000000e+00
-6.966901746246075442e-08 1.000000000000000000e+00
2.184126174491215769e-08 1.000000000000000000e+00
2.995499207357047930e-08 1.000000000000000000e+00
-4.677523139468579927e-08 1.000000000000000000e+00
2.772450545188044668e-08 1.000000000000000000e+00
-3.302135653870113836e-08 1.000000000000000000e+00
-1.921316879411275930e-08 1.000000000000000000e+00
6.003836732654044494e-09 1.000000000000000000e+00
1.005154460840056675e-08 1.000000000000000000e+00
-4.864901182565822760e-09 1.000000000000000000e+00
-5.250089050590020776e-08 1.000000000000000000e+00
-1.054979139578902849e-08 1.000000000000000000e+00
4.277647831575453881e-08 1.000000000000000000e+00
-1.555261135586159180e-08 1.000000000000000000e+00
-4.950966032132602533e-09 1.000000000000000000e+00
1.016935949803557150e-07 1.000000000000000000e+00
-3.725547874714275405e-08 1.000000000000000000e+00
-2.432369983978136912e-08 1.000000000000000000e+00
3.248138193275171090e-09 1.000000000000000000e+00
3.704320848744012749e-08 1.000000000000000000e+00
2.846160839585723259e-08 1.000000000000000000e+00
-3.325492730624524736e-08 1.000000000000000000e+00
1.546536008324884862e-08 1.000000000000000000e+00
4.296600781061753970e-08 1.000000000000000000e+00
4.120825122981605090e-08 1.000000000000000000e+00
4.956393744148518184e-08 1.000000000000000000e+00
-1.667514941119643891e-08 1.000000000000000000e+00
-2.323342215644479747e-08 1.000000000000000000e+00
-1.799487536015603337e-08 1.000000000000000000e+00
-2.265067398572134139e-08 1.000000000000000000e+00
3.887267225006509149e-08 1.000000000000000000e+00
1.606766399592265879e-08 1.000000000000000000e+00
1.604628541810151946e-08 1.000000000000000000e+00
1.526789411633559200e-08 1.000000000000000000e+00
-3.219339916016250013e-09 1.000000000000000000e+00
-8.403315915755654875e-08 1.000000000000000000e+00
-2.991069570983814167e-08 1.000000000000000000e+00
-1.069291973631154789e-09 1.000000000000000000e+00
-9.038351531307422145e-09 1.000000000000000000e+00
-6.764239282720557060e-08 1.000000000000000000e+00
-1.164829162772598219e-08 1.000000000000000000e+00
1.144398634865447614e-08 1.000000000000000000e+00
-5.678780074864280560e-08 1.000000000000000000e+00
3.982265590677413257e-08 1.000000000000000000e+00
1.443998296737154324e-08 1.000000000000000000e+00
-1.037200765820495847e-08 1.000000000000000000e+00
-6.732620395054200661e-09 1.000000000000000000e+00
1.016271689303629779e-08 1.000000000000000000e+00
2.424501400701099515e-08 1.000000000000000000e+00
-1.395491595262952650e-08 1.000000000000000000e+00
-1.805229133576939767e-08 1.000000000000000000e+00
-1.944977354428973589e-08 1.000000000000000000e+00
2.703543193880692756e-08 1.000000000000000000e+00
3.581532366795224279e-08 1.000000000000000000e+00
-3.832031241634139175e-08 1.000000000000000000e+00
-7.562909090658753792e-10 1.000000000000000000e+00
-1.477985814522576260e-08 1.000000000000000000e+00
6.094801817319230394e-09 1.000000000000000000e+00
1.045837800137276393e-08 1.000000000000000000e+00
7.165800127553277263e-08 1.000000000000000000e+00
2.253768627674747054e-08 1.000000000000000000e+00
4.359038153127030847e-08 1.000000000000000000e+00
-3.597668498775744304e-08 1.000000000000000000e+00
1.724898785091396649e-08 1.000000000000000000e+00
2.454044745911485329e-08 1.000000000000000000e+00
5.851219318628247032e-08 1.000000000000000000e+00
3.216477173818892265e-08 1.000000000000000000e+00
-1.106340870229386154e-09 1.000000000000000000e+00
-6.917102680888777418e-09 1.000000000000000000e+00
-1.187013860547122661e-08 1.000000000000000000e+00
2.898106954825908069e-08 1.000000000000000000e+00
-3.318576620461205313e-08 1.000000000000000000e+00
2.968666259890096786e-09 1.000000000000000000e+00
1.162955469539487798e-08 1.000000000000000000e+00
-2.815850819841287826e-08 1.000000000000000000e+00
5.315564478177769807e-09 1.000000000000000000e+00
3.534877398227684988e-08 1.000000000000000000e+00
5.436744696108937098e-08 1.000000000000000000e+00
-6.366398659038499075e-08 1.000000000000000000e+00
-6.185321866375349475e-08 1.000000000000000000e+00
4.389075375184580969e-08 1.000000000000000000e+00
-2.402545215105784764e-08 1.000000000000000000e+00
-3.168570903871988096e-08 1.000000000000000000e+00
-3.464957146562147043e-08 1.000000000000000000e+00
-1.747078137565369018e-08 1.000000000000000000e+00
4.520162319193740674e-08 1.000000000000000000e+00
-1.884060820618668624e-08 1.000000000000000000e+00
5.833988538861313573e-08 1.000000000000000000e+00
5.270051103604709132e-08 1.000000000000000000e+00
1.462309331842125023e-09 1.000000000000000000e+00
-3.448585612824603898e-09 1.000000000000000000e+00
1.837965758874228347e-08 1.000000000000000000e+00
1.359145085323760777e-08 1.000000000000000000e+00
-3.019957914606574350e-08 1.000000000000000000e+00
-1.162234437688045937e-10 1.000000000000000000e+00
-2.378905928702769655e-08 1.000000000000000000e+00
-1.064828883965381421e-08 1.000000000000000000e+00
-5.934037422194728953e-09 1.000000000000000000e+00
-2.398311167207706718e-08 1.000000000000000000e+00
1.894176454432673746e-08 1.000000000000000000e+00
4.722892284522856909e-08 1.000000000000000000e+00
-1.161334239105160591e-09 1.000000000000000000e+00
1.923862829013305884e-09 1.000000000000000000e+00
6.473558471219004464e-08 1.000000000000000000e+00
-6.480484357053369581e-09 1.000000000000000000e+00
2.834919599854414315e-08 1.000000000000000000e+00
4.369829614374573326e-08 1.000000000000000000e+00
2.403171954700938441e-09 1.000000000000000000e+00
3.410851605730303203e-08 1.000000000000000000e+00
-5.040774660076660031e-09 1.000000000000000000e+00
-6.486453955109649750e-08 1.000000000000000000e+00
-3.240959636725107989e-08 1.000000000000000000e+00
-1.092332424014029453e-08 1.000000000000000000e+00
2.519994353590993535e-09 1.000000000000000000e+00
4.679124817278085592e-08 1.000000000000000000e+00
-6.678679746613515398e-08 1.000000000000000000e+00
-2.296122404332296738e-08 1.000000000000000000e+00
7.402438368171678046e-09 1.000000000000000000e+00
-7.799748385415380964e-09 1.000000000000000000e+00
-3.871465158586779231e-08 1.000000000000000000e+00
-4.983852918455070397e-08 1.000000000000000000e+00
4.100175023495631711e-08 1.000000000000000000e+00
-4.541321356803074616e-08 1.000000000000000000e+00
-2.435290855999892572e-08 1.000000000000000000e+00
-5.131668955507268842e-09 1.000000000000000000e+00
5.611730338688393265e-08 1.000000000000000000e+00
-4.338716928792373649e-09 1.000000000000000000e+00
-8.710153223642111421e-09 1.000000000000000000e+00
4.846514640712622340e-09 1.000000000000000000e+00
2.116225703493062003e-08 1.000000000000000000e+00
-5.961743635169288770e-08 1.000000000000000000e+00
4.835840384860508149e-08 1.000000000000000000e+00
3.683232433598823063e-08 1.000000000000000000e+00
-1.293077621752780655e-08 1.000000000000000000e+00
-5.030194687443547428e-08 1.000000000000000000e+00
-5.013904089250994372e-08 1.000000000000000000e+00
-6.478333349594468145e-08 1.000000000000000000e+00
-7.923833350514985442e-09 1.000000000000000000e+00
-3.261024498315706833e-08 1.000000000000000000e+00
8.717232575005418539e-09 1.000000000000000000e+00
-1.538034618057958651e-08 1.000000000000000000e+00
-8.134176722533339884e-08 1.000000000000000000e+00
-1.740250057371634598e-08 1.000000000000000000e+00
-3.167342850403035588e-08 1.000000000000000000e+00
-2.482732013907436012e-08 1.000000000000000000e+00
-4.657124313335071494e-08 1.000000000000000000e+00
2.836560181369528478e-08 1.000000000000000000e+00
5.591976217095007277e-08 1.000000000000000000e+00
3.803264941219436730e-08 1.000000000000000000e+00
7.432273780746893371e-08 1.000000000000000000e+00
-4.365650327836456227e-08 1.000000000000000000e+00
-6.082855476643112342e-08 1.000000000000000000e+00
-2.247856954682382406e-09 1.000000000000000000e+00
4.632130484232563374e-08 1.000000000000000000e+00
5.685722605291406228e-09 1.000000000000000000e+00
-7.172657991946092052e-08 1.000000000000000000e+00
7.282659855725989738e-08 1.000000000000000000e+00
2.822614977187020344e-08 1.000000000000000000e+00
2.448914209779115554e-08 1.000000000000000000e+00
-1.563805454153554102e-08 1.000000000000000000e+00
-2.441000289990749553e-08 1.000000000000000000e+00
-9.367895899047790851e-09 1.000000000000000000e+00
6.499874836664322489e-08 1.000000000000000000e+00
-5.678815176435119974e-08 1.000000000000000000e+00
-1.049795288329089105e-08 1.000000000000000000e+00
-9.846074995042531267e-09 1.000000000000000000e+00
7.046099734043552540e-08 1.000000000000000000e+00
6.894802236019648938e-08 1.000000000000000000e+00
-4.903651807099077381e-08 1.000000000000000000e+00
-4.968573227422035841e-08 1.000000000000000000e+00
6.224348760036704335e-08 1.000000000000000000e+00
-4.677452794219134672e-08 1.000000000000000000e+00
3.665990541182754290e-08 1.000000000000000000e+00
3.581076756249702819e-08 1.000000000000000000e+00
3.686480586010491583e-08 1.000000000000000000e+00
1.590571068735985542e-09 1.000000000000000000e+00
-6.022791811974945039e-08 1.000000000000000000e+00
1.882400849658499203e-09 1.000000000000000000e+00
4.902495905959005899e-08 1.000000000000000000e+00
1.812822051402706851e-08 1.000000000000000000e+00
1.409368613961929563e-08 1.000000000000000000e+00
-1.555124205323060350e-08 1.000000000000000000e+00
4.706848970812526340e-08 1.000000000000000000e+00
-5.706725586147813063e-09 1.000000000000000000e+00
-3.977920815136551743e-08 1.000000000000000000e+00
-5.359079142855581290e-09 1.000000000000000000e+00
-5.034020702785343697e-08 1.000000000000000000e+00
-2.523355126849969875e-08 1.000000000000000000e+00
-3.481218538725015950e-08 1.000000000000000000e+00
-4.136284660704324963e-08 1.000000000000000000e+00
-4.188908709085899089e-08 1.000000000000000000e+00
1.034403886621391277e-08 1.000000000000000000e+00
1.769672860204582189e-08 1.000000000000000000e+00
-3.437695072938113099e-08 1.000000000000000000e+00
-5.559031055842750373e-08 1.000000000000000000e+00
-7.650025632712907969e-08 1.000000000000000000e+00
-1.631019413983696781e-08 1.000000000000000000e+00
-5.154242273436350792e-09 1.000000000000000000e+00
-2.828020447987383853e-08 1.000000000000000000e+00
-1.845913956562057865e-08 1.000000000000000000e+00
6.163029651176135706e-09 1.000000000000000000e+00
-2.262930137531190834e-08 1.000000000000000000e+00
2.735204873599419160e-08 1.000000000000000000e+00
-2.813531447169545718e-08 1.000000000000000000e+00
9.552146044383903062e-09 1.000000000000000000e+00
3.935489147433835685e-08 1.000000000000000000e+00
-5.135159499675053226e-08 1.000000000000000000e+00
1.072114655158536493e-09 1.000000000000000000e+00
2.328863350491024496e-08 1.000000000000000000e+00
7.911075754935373117e-08 1.000000000000000000e+00
7.246535887460015963e-08 1.000000000000000000e+00
3.687375390885999356e-08 1.000000000000000000e+00
3.090302290096748322e-09 1.000000000000000000e+00
5.756195956827883771e-08 1.000000000000000000e+00
-1.653923775388168623e-08 1.000000000000000000e+00
-4.965008120193150376e-08 1.000000000000000000e+00
-5.301059235612667759e-09 1.000000000000000000e+00
-5.945047524849384614e-08 1.000000000000000000e+00
-9.500301386270170808e-09 1.000000000000000000e+00
5.255495159658700736e-08 1.000000000000000000e+00
-4.011329220948882747e-08 1.000000000000000000e+00
-6.107476083032323603e-08 1.000000000000000000e+00
1.790272704034426917e-08 1.000000000000000000e+00
-2.824861449738986291e-08 1.000000000000000000e+00
6.116234218635187913e-08 1.000000000000000000e+00
3.162412600950281593e-08 1.000000000000000000e+00
6.403278159925374899e-08 1.000000000000000000e+00
-4.543465737921307977e-08 1.000000000000000000e+00
5.730429355324011766e-09 1.000000000000000000e+00
4.318627538985779176e-08 1.000000000000000000e+00
1.893353900396667312e-08 1.000000000000000000e+00
8.725102863788542536e-09 1.000000000000000000e+00
5.563154025755483705e-08 1.000000000000000000e+00
2.418296690770135914e-08 1.000000000000000000e+00
1.603098837958022207e-08 1.000000000000000000e+00
3.308544611935095710e-08 1.000000000000000000e+00
7.351410501454302905e-08 1.000000000000000000e+00
-3.927275574259301228e-08 1.000000000000000000e+00
2.103164350243286045e-08 1.000000000000000000e+00
-2.203158519296252451e-08 1.000000000000000000e+00
-5.563808340820883627e-08 1.000000000000000000e+00
1.333842052565318865e-08 1.000000000000000000e+00
1.056170460958582126e-08 1.000000000000000000e+00
-1.764754758859005425e-08 1.000000000000000000e+00
-3.730206992031403339e-08 1.000000000000000000e+00
-7.787207867620564778e-08 1.000000000000000000e+00
1.628469172985703382e-08 1.000000000000000000e+00
3.560890438521097090e-08 1.000000000000000000e+00
-4.111092306996246829e-08 1.000000000000000000e+00
1.110185641598459331e-08 1.000000000000000000e+00
1.277441195735872667e-08 1.000000000000000000e+00
3.467487585763072669e-08 1.000000000000000000e+00
-2.558086647855945341e-08 1.000000000000000000e+00
8.223231666211820651e-09 1.000000000000000000e+00
8.175011705307754787e-08 1.000000000000000000e+00
7.321562535202450715e-09 1.000000000000000000e+00
-2.662084160304533135e-08 1.000000000000000000e+00
-3.126507246668121852e-08 1.000000000000000000e+00
1.802501887921983865e-08 1.000000000000000000e+00
-2.804887516220479944e-08 1.000000000000000000e+00
-1.808252635559425648e-08 1.000000000000000000e+00
1.780299786782373792e-08 1.000000000000000000e+00
-2.737797722700377404e-09 1.000000000000000000e+00
-2.603730408511465150e-10 1.000000000000000000e+00
1.412415436714894635e-08 1.000000000000000000e+00
3.260955656815591525e-08 1.000000000000000000e+00
-8.446468463552661091e-08 1.000000000000000000e+00
1.329922541428586038e-08 1.000000000000000000e+00
-1.366778409107251695e-08 1.000000000000000000e+00
-3.370401837526139145e-08 1.000000000000000000e+00
3.650822778952879497e-08 1.000000000000000000e+00
2.031195347552836143e-09 1.000000000000000000e+00
2.338753311947659199e-08 1.000000000000000000e+00
7.988222223286629605e-08 1.000000000000000000e+00
-4.527514189160073428e-09 1.000000000000000000e+00
-4.741281363515826233e-08 1.000000000000000000e+00
1.995632502018840283e-08 1.000000000000000000e+00
-3.047376925683045351e-09 1.000000000000000000e+00
5.783242394005868858e-08 1.000000000000000000e+00
-1.797875357185912540e-09 1.000000000000000000e+00
-2.864445758391704981e-08 1.000000000000000000e+00
3.513470803173636198e-08 1.000000000000000000e+00
2.647179537233864492e-08 1.000000000000000000e+00
2.682507276335700434e-08 1.000000000000000000e+00
3.599538716969571223e-08 1.000000000000000000e+00
5.399662152521298172e-08 1.000000000000000000e+00
-6.601848175265488233e-08 1.000000000000000000e+00
2.657917924416972767e-08 1.000000000000000000e+00
-3.247382823815491507e-08 1.000000000000000000e+00
-8.102237579631577381e-09 1.000000000000000000e+00
-8.073854564065803803e-08 1.000000000000000000e+00
3.384600085358905915e-08 1.000000000000000000e+00
-3.415934398885243644e-08 1.000000000000000000e+00
2.295891557720314406e-08 1.000000000000000000e+00
-2.489517027573633948e-08 1.000000000000000000e+00
5.633730526692279914e-09 1.000000000000000000e+00
-7.324150531776907482e-08 1.000000000000000000e+00
-8.458262552094934675e-09 1.000000000000000000e+00
-3.441205453594927260e-08 1.000000000000000000e+00
4.046084492025502375e-09 1.000000000000000000e+00
-5.341282235796060294e-08 1.000000000000000000e+00
-8.856460731975299842e-09 1.000000000000000000e+00
1.224975257490857897e-08 1.000000000000000000e+00
-1.442211989734571824e-08 1.000000000000000000e+00
-1.189416488322957130e-07 1.000000000000000000e+00
7.349596467809106399e-10 1.000000000000000000e+00
3.789542499882159453e-08 1.000000000000000000e+00
-2.218622793453597920e-09 1.000000000000000000e+00
5.255815308033958513e-08 1.000000000000000000e+00
-2.750733522223589573e-08 1.000000000000000000e+00
-1.097693457739346550e-07 1.000000000000000000e+00
-6.852007383577112068e-09 1.000000000000000000e+00
-3.354065639492050921e-09 1.000000000000000000e+00
8.363789029065624788e-09 1.000000000000000000e+00
-5.312771224046479735e-08 1.000000000000000000e+00
1.843387893084099663e-08 1.000000000000000000e+00
6.215870782668721935e-08 1.000000000000000000e+00
-1.895406251551778315e-08 1.000000000000000000e+00
2.028683219308765302e-08 1.000000000000000000e+00
6.248492647763449678e-08 1.000000000000000000e+00
-1.419314925564650703e-09 1.000000000000000000e+00
-7.188430200073578773e-09 1.000000000000000000e+00
-3.732494305991947803e-08 1.000000000000000000e+00
-3.599285353620915771e-08 1.000000000000000000e+00
2.960575669340424038e-09 1.000000000000000000e+00
7.920035833985395353e-08 1.000000000000000000e+00
2.446526544619241529e-08 1.000000000000000000e+00
5.734157533180354954e-08 1.000000000000000000e+00
7.211734979694697282e-09 1.000000000000000000e+00
-3.382648844429158256e-08 1.000000000000000000e+00
3.623214795161210202e-08 1.000000000000000000e+00
5.358585896055246358e-08 1.000000000000000000e+00
-7.725308716558657500e-09 1.000000000000000000e+00
-1.226046523920175152e-08 1.000000000000000000e+00
-1.506303637966735359e-08 1.000000000000000000e+00
7.199267212255471181e-09 1.000000000000000000e+00
-2.577402363727873126e-08 1.000000000000000000e+00
5.620829560872154031e-09 1.000000000000000000e+00
3.458924216467143435e-08 1.000000000000000000e+00
5.432753438606785548e-08 1.000000000000000000e+00
-3.007080540585505577e-09 1.000000000000000000e+00
7.136600342875356210e-08 1.000000000000000000e+00
-1.802229866720889716e-09 1.000000000000000000e+00
3.233257932712715225e-08 1.000000000000000000e+00
-1.670135070078069249e-08 1.000000000000000000e+00
6.652022549542395761e-08 1.000000000000000000e+00
4.690000839945312686e-08 1.000000000000000000e+00
-5.956068285076354975e-10 1.000000000000000000e+00
1.349777424112216447e-08 1.000000000000000000e+00
1.936337666228195577e-08 1.000000000000000000e+00
1.710153164286105111e-08 1.000000000000000000e+00
3.671347888350759491e-08 1.000000000000000000e+00
7.895266000279065902e-08 1.000000000000000000e+00
4.747350337239997006e-08 1.000000000000000000e+00
-3.690838414470738532e-08 1.000000000000000000e+00
-2.831715634728789390e-08 1.000000000000000000e+00
-9.422039712453660076e-09 1.000000000000000000e+00
1.614161750266904255e-08 1.000000000000000000e+00
-4.505744530554052430e-08 1.000000000000000000e+00
1.926962688804957116e-08 1.000000000000000000e+00
-2.168415738905678235e-08 1.000000000000000000e+00
5.541686071573934069e-08 1.000000000000000000e+00
5.690354529152641492e-08 1.000000000000000000e+00
-7.803132901364004093e-09 1.000000000000000000e+00
8.200728873860498450e-09 1.000000000000000000e+00
9.769163242250399202e-09 1.000000000000000000e+00
-1.546574032383449723e-08 1.000000000000000000e+00
1.258686271832990685e-08 1.000000000000000000e+00
-6.673227852627497132e-08 1.000000000000000000e+00
2.705709020751525448e-08 1.000000000000000000e+00
-9.582938268613060832e-09 1.000000000000000000e+00
4.704816480402891064e-08 1.000000000000000000e+00
-2.149052032298441566e-08 1.000000000000000000e+00
2.173923526153220471e-08 1.000000000000000000e+00
9.225908507812820125e-09 1.000000000000000000e+00
-4.661685354117186059e-09 1.000000000000000000e+00
1.798541881390804582e-08 1.000000000000000000e+00
8.629268790501892362e-08 1.000000000000000000e+00
3.438810015655852444e-08 1.000000000000000000e+00
4.557890139908360039e-09 1.000000000000000000e+00
6.020267427666927841e-08 1.000000000000000000e+00
-7.801618649977870617e-09 1.000000000000000000e+00
-1.588775677418384359e-08 1.000000000000000000e+00
1.132598824913074107e-08 1.000000000000000000e+00
4.045510882248151394e-08 1.000000000000000000e+00
5.643830156097876282e-08 1.000000000000000000e+00
-1.056043190110249805e-08 1.000000000000000000e+00
3.848180626121795086e-08 1.000000000000000000e+00
6.635168266280609567e-08 1.000000000000000000e+00
-1.981207130581460678e-08 1.000000000000000000e+00
-2.066743352502021498e-08 1.000000000000000000e+00
5.065638541286997829e-08 1.000000000000000000e+00
1.392589024483255376e-08 1.000000000000000000e+00
4.055572583903933621e-08 1.000000000000000000e+00
-2.500451669019911100e-09 1.000000000000000000e+00
5.037406189137307350e-09 1.000000000000000000e+00
-1.299598294806855616e-08 1.000000000000000000e+00
2.234428017326191750e-08 1.000000000000000000e+00
5.772485388838816478e-08 1.000000000000000000e+00
3.627084485900549086e-08 1.000000000000000000e+00
-3.285871561527715766e-08 1.000000000000000000e+00
-4.798938949732571733e-09 1.000000000000000000e+00
3.986498811989135394e-09 1.000000000000000000e+00
-6.455341614517134993e-09 1.000000000000000000e+00
-5.431919346851565832e-08 1.000000000000000000e+00
7.414293164457076728e-11 1.000000000000000000e+00
1.740981415356706539e-08 1.000000000000000000e+00
1.472925877485112247e-08 1.000000000000000000e+00
4.858101979890438910e-08 1.000000000000000000e+00
-4.841107588513618335e-09 1.000000000000000000e+00
-1.007810253285106500e-08 1.000000000000000000e+00
1.739190679997301528e-08 1.000000000000000000e+00
4.132544691517687130e-08 1.000000000000000000e+00
7.394326563849256467e-09 1.000000000000000000e+00
3.330993478135548553e-08 1.000000000000000000e+00
6.758903591481698898e-08 1.000000000000000000e+00
4.381181696625858157e-08 1.000000000000000000e+00
-2.430132816520754589e-09 1.000000000000000000e+00
-2.059284766265162465e-08 1.000000000000000000e+00
-6.047230650617934413e-08 1.000000000000000000e+00
-5.866703429109200052e-08 1.000000000000000000e+00
-4.895207829956390775e-08 1.000000000000000000e+00
-4.034948217019985663e-08 1.000000000000000000e+00
-5.721217552502872285e-08 1.000000000000000000e+00
-6.539469264822992587e-08 1.000000000000000000e+00
3.519795665616105511e-08 1.000000000000000000e+00
6.239205252965554890e-08 1.000000000000000000e+00
-2.661464190852683295e-08 1.000000000000000000e+00
7.630924518719631350e-09 1.000000000000000000e+00
-4.305223226058131696e-08 1.000000000000000000e+00
-4.543413664073735040e-08 1.000000000000000000e+00
3.700670628146233235e-08 1.000000000000000000e+00
-3.903551709696172875e-08 1.000000000000000000e+00
-4.708114932897266713e-09 1.000000000000000000e+00
8.384088089150400763e-08 1.000000000000000000e+00
6.227755440515180041e-08 1.000000000000000000e+00
5.236434596536061677e-08 1.000000000000000000e+00
1.441475082259062020e-10 1.000000000000000000e+00
6.891087325138617363e-08 1.000000000000000000e+00
2.414808040241340670e-08 1.000000000000000000e+00
-2.797236422785394483e-08 1.000000000000000000e+00
1.827149811230223473e-12 1.000000000000000000e+00
5.382205822418012298e-08 1.000000000000000000e+00
1.690208200494252103e-08 1.000000000000000000e+00
3.131215287283122648e-08 1.000000000000000000e+00
7.150030109763799572e-08 1.000000000000000000e+00
-1.624393443238921179e-08 1.000000000000000000e+00
-2.879598389635097717e-08 1.000000000000000000e+00
-3.439207956191007988e-08 1.000000000000000000e+00
3.311775090495863509e-09 1.000000000000000000e+00
3.855348092945680552e-08 1.000000000000000000e+00
-1.080955196398634282e-08 1.000000000000000000e+00
-1.745114366803064694e-08 1.000000000000000000e+00
1.241723084262034911e-08 1.000000000000000000e+00
-2.958723847639358593e-08 1.000000000000000000e+00
-8.056410130092911591e-08 1.000000000000000000e+00
2.520653738077158126e-08 1.000000000000000000e+00
-1.293557200646727196e-08 1.000000000000000000e+00
-6.895645715514628913e-08 1.000000000000000000e+00
-4.624301858226900161e-09 1.000000000000000000e+00
3.535018854342106394e-08 1.000000000000000000e+00
-3.289780928924863886e-08 1.000000000000000000e+00
2.493415686083518723e-08 1.000000000000000000e+00
6.583682197096597243e-08 1.000000000000000000e+00
3.160687278547685800e-08 1.000000000000000000e+00
-2.880471732271002177e-08 1.000000000000000000e+00
4.339886263001664032e-08 1.000000000000000000e+00
7.190387357902115707e-08 1.000000000000000000e+00
2.931236107844205427e-08 1.000000000000000000e+00
2.279051704298729624e-08 1.000000000000000000e+00
8.887681436001761572e-09 1.000000000000000000e+00
-4.439048661478662310e-08 1.000000000000000000e+00
-4.253137286274443395e-08 1.000000000000000000e+00
1.353928345563984963e-08 1.000000000000000000e+00
4.962247027460735541e-09 1.000000000000000000e+00
-6.013792233645588839e-09 1.000000000000000000e+00
-2.008850317985418084e-08 1.000000000000000000e+00
-2.660919441178454375e-08 1.000000000000000000e+00
-2.309328208319868061e-08 1.000000000000000000e+00
9.573324127746377209e-09 1.000000000000000000e+00
2.209278678871425170e-08 1.000000000000000000e+00
-2.116811562966878993e-08 1.000000000000000000e+00
1.714509532557033444e-08 1.000000000000000000e+00
-2.279060196977141334e-08 1.000000000000000000e+00
1.322042526778542607e-07 1.000000000000000000e+00
1.593540610749000555e-09 1.000000000000000000e+00
1.101977416738779056e-09 1.000000000000000000e+00
3.665122978419990953e-08 1.000000000000000000e+00
-9.531615929269376261e-09 1.000000000000000000e+00
1.835763200481543838e-08 1.000000000000000000e+00
4.038800617706903412e-08 1.000000000000000000e+00
-4.059259304634313550e-08 1.000000000000000000e+00
-6.981001124546062028e-08 1.000000000000000000e+00
-3.015452341662331736e-08 1.000000000000000000e+00
1.111791099410647589e-08 1.000000000000000000e+00
-7.781444590996620888e-08 1.000000000000000000e+00
5.517900931792201928e-10 1.000000000000000000e+00
1.906915823808164611e-08 1.000000000000000000e+00
1.846774638343864280e-09 1.000000000000000000e+00
1.037763188093648142e-07 1.000000000000000000e+00
1.658603046809635371e-08 1.000000000000000000e+00
-5.443131874387797444e-08 1.000000000000000000e+00
4.490377348549578025e-08 1.000000000000000000e+00
1.118087604803269851e-08 1.000000000000000000e+00
5.892262685109600301e-08 1.000000000000000000e+00
4.557016262109360951e-09 1.000000000000000000e+00
-1.346013092945562182e-08 1.000000000000000000e+00
-5.509689086215305113e-10 1.000000000000000000e+00
2.980996984908990750e-08 1.000000000000000000e+00
-3.896913261963976483e-08 1.000000000000000000e+00
-9.368936306510649857e-09 1.000000000000000000e+00
4.609542545290666068e-08 1.000000000000000000e+00
9.051234355045642795e-08 1.000000000000000000e+00
-1.330583316438742942e-08 1.000000000000000000e+00
-2.751234752130876324e-08 1.000000000000000000e+00
5.524825532458475719e-08 1.000000000000000000e+00
2.303684756732088075e-08 1.000000000000000000e+00
-1.175619844323247881e-08 1.000000000000000000e+00
3.881062441973151534e-08 1.000000000000000000e+00
3.886808964199348293e-09 1.000000000000000000e+00
-2.245572248598494514e-08 1.000000000000000000e+00
-2.764432678508958393e-08 1.000000000000000000e+00
3.032189273126995735e-08 1.000000000000000000e+00
1.794525671370238613e-08 1.000000000000000000e+00
3.923185389617536328e-08 1.000000000000000000e+00
-3.548368293920600701e-08 1.000000000000000000e+00
-5.159703174807285257e-08 1.000000000000000000e+00
-2.553838572681127679e-09 1.000000000000000000e+00
-5.546736224553832026e-08 1.000000000000000000e+00
-8.257824736015303845e-09 1.000000000000000000e+00
-1.804850495170196567e-08 1.000000000000000000e+00
1.215894330772175088e-08 1.000000000000000000e+00
2.791226399070519001e-08 1.000000000000000000e+00
-6.612519521828369672e-08 1.000000000000000000e+00
-1.587529791716633255e-08 1.000000000000000000e+00
-1.782909782320855894e-08 1.000000000000000000e+00
3.062483188308501570e-09 1.000000000000000000e+00
3.079086302241917564e-08 1.000000000000000000e+00
6.405737220323304236e-09 1.000000000000000000e+00
1.063448476339072200e-07 1.000000000000000000e+00
-3.231304911897142077e-08 1.000000000000000000e+00
3.920461438485120171e-09 1.000000000000000000e+00
9.527684925248558760e-08 1.000000000000000000e+00
2.138195390759662758e-08 1.000000000000000000e+00
-6.015189100384377917e-08 1.000000000000000000e+00
4.714000517531843161e-08 1.000000000000000000e+00
2.976661038413620383e-08 1.000000000000000000e+00
1.224992159761851591e-08 1.000000000000000000e+00
-8.414603420694631756e-09 1.000000000000000000e+00
-5.354900539685182041e-08 1.000000000000000000e+00
-2.136249892921384030e-08 1.000000000000000000e+00
-1.026894979860956949e-09 1.000000000000000000e+00
-4.540932448277834355e-08 1.000000000000000000e+00
-8.007828500553642099e-10 1.000000000000000000e+00
-6.318254943772894289e-09 1.000000000000000000e+00
7.650853571325952617e-09 1.000000000000000000e+00
2.118720247765209755e-08 1.000000000000000000e+00
-7.140060580902573359e-08 1.000000000000000000e+00
2.334105265147639640e-08 1.000000000000000000e+00
-5.166909014493251200e-08 1.000000000000000000e+00
9.260709965810049323e-08 1.000000000000000000e+00
3.007321582344386027e-08 1.000000000000000000e+00
-2.563623050023593946e-08 1.000000000000000000e+00
1.634083835587257319e-08 1.000000000000000000e+00
-4.334349918169578349e-08 1.000000000000000000e+00
-4.526148878553827669e-08 1.000000000000000000e+00
3.793668237916135053e-08 1.000000000000000000e+00
-4.643191394894060332e-08 1.000000000000000000e+00
5.047259281763779414e-08 1.000000000000000000e+00
1.045671212934459931e-08 1.000000000000000000e+00
1.308045590944623558e-08 1.000000000000000000e+00
-1.324945091904945651e-08 1.000000000000000000e+00
2.082062014299016921e-08 1.000000000000000000e+00
7.555995839857933676e-08 1.000000000000000000e+00
6.787304482441280252e-08 1.000000000000000000e+00
2.621003666926359755e-08 1.000000000000000000e+00
-8.657461427764076588e-09 1.000000000000000000e+00
-5.862447706860123735e-08 1.000000000000000000e+00
2.554930063558441913e-09 1.000000000000000000e+00
-5.049779083898848925e-08 1.000000000000000000e+00
-1.572346172829031596e-08 1.000000000000000000e+00
-8.671131711317106441e-10 1.000000000000000000e+00
-1.988947047196544917e-08 1.000000000000000000e+00
-1.649964040586742373e-08 1.000000000000000000e+00
2.184825862359405431e-08 1.000000000000000000e+00
-6.464115552561080667e-08 1.000000000000000000e+00
-1.080579864799002038e-07 1.000000000000000000e+00
-1.768678557117430675e-08 1.000000000000000000e+00
-9.875552334981796777e-08 1.000000000000000000e+00
-2.461986289707497924e-08 1.000000000000000000e+00
-3.070938195286427902e-09 1.000000000000000000e+00
-1.909662751507155262e-08 1.000000000000000000e+00
4.442726127544449199e-08 1.000000000000000000e+00
9.026716793315835789e-09 1.000000000000000000e+00
-1.360276646922689710e-08 1.000000000000000000e+00
-6.853349218622368116e-08 1.000000000000000000e+00
2.248747842891775041e-09 1.000000000000000000e+00
5.102534030266736259e-08 1.000000000000000000e+00
8.019019654306744993e-09 1.000000000000000000e+00
1.108408437948959577e-08 1.000000000000000000e+00
-2.919273128968958819e-08 1.000000000000000000e+00
3.856034354237153063e-08 1.000000000000000000e+00
-3.125801837059235308e-08 1.000000000000000000e+00
3.148530351763252885e-08 1.000000000000000000e+00
3.927218975329307317e-09 1.000000000000000000e+00
1.806284580819923409e-08 1.000000000000000000e+00
-3.621582734942747378e-08 1.000000000000000000e+00
3.332160872895474749e-08 1.000000000000000000e+00
4.070007342383710597e-09 1.000000000000000000e+00
-1.880257224478142322e-08 1.000000000000000000e+00
-1.953182518813194311e-08 1.000000000000000000e+00
-7.632950004416428332e-09 1.000000000000000000e+00
-4.230481435983511480e-08 1.000000000000000000e+00
4.666961008950458363e-08 1.000000000000000000e+00
-1.034553466395894268e-08 1.000000000000000000e+00
9.175948936617203374e-08 1.000000000000000000e+00
1.426197994469902296e-08 1.000000000000000000e+00
1.645643257715429802e-08 1.000000000000000000e+00
2.195397647166165913e-08 1.000000000000000000e+00
-5.893230108009974467e-09 1.000000000000000000e+00
-6.551337676823745569e-08 1.000000000000000000e+00
-6.039896948028303400e-09 1.000000000000000000e+00
3.753251683273292627e-10 1.000000000000000000e+00
2.682705004157170736e-08 1.000000000000000000e+00
-2.384024555317014828e-08 1.000000000000000000e+00
2.604637628630936886e-09 1.000000000000000000e+00
3.146652467949514519e-09 1.000000000000000000e+00
-2.175133106988580441e-09 1.000000000000000000e+00
2.251201826062546919e-08 1.000000000000000000e+00
7.691115885926722267e-10 1.000000000000000000e+00
5.782710284197586114e-08 1.000000000000000000e+00
-7.189693079813601761e-09 1.000000000000000000e+00
6.184301306612626818e-09 1.000000000000000000e+00
-3.312839346135542074e-08 1.000000000000000000e+00
1.493829207777161211e-08 1.000000000000000000e+00
-3.285164638876540670e-08 1.000000000000000000e+00
2.681221790902043811e-08 1.000000000000000000e+00
2.451874880682669385e-08 1.000000000000000000e+00
-6.365807673902588628e-09 1.000000000000000000e+00
4.283433611596982804e-08 1.000000000000000000e+00
-1.424130732069702701e-08 1.000000000000000000e+00
1.054034063150335044e-08 1.000000000000000000e+00
7.535581298840067775e-08 1.000000000000000000e+00
8.045620831389966954e-09 1.000000000000000000e+00
-3.336243681705258459e-08 1.000000000000000000e+00
2.063555783530902661e-08 1.000000000000000000e+00
-6.075362826778372214e-09 1.000000000000000000e+00
2.640952897504793965e-08 1.000000000000000000e+00
-2.945642599827215469e-08 1.000000000000000000e+00
-1.497349159937771105e-08 1.000000000000000000e+00
-7.439020046587061309e-09 1.000000000000000000e+00
-2.231836517116724565e-08 1.000000000000000000e+00
7.440657991162674738e-08 1.000000000000000000e+00
1.113807975952856933e-09 1.000000000000000000e+00
4.628891363535219460e-08 1.000000000000000000e+00
-2.301184319204130242e-08 1.000000000000000000e+00
2.194160154264566629e-08 1.000000000000000000e+00
-3.493630667723298220e-09 1.000000000000000000e+00
-1.135081591177233595e-07 1.000000000000000000e+00
5.979571868634323275e-09 1.000000000000000000e+00
-9.924055986253154594e-09 1.000000000000000000e+00
2.310978132076922263e-08 1.000000000000000000e+00
2.466125879454501655e-08 1.000000000000000000e+00
2.154204246125004980e-08 1.000000000000000000e+00
-4.333301571605842948e-08 1.000000000000000000e+00
-8.730400669198821240e-09 1.000000000000000000e+00
2.300176799171126506e-08 1.000000000000000000e+00
-2.376325099078665029e-08 1.000000000000000000e+00
-3.751874821967369922e-08 1.000000000000000000e+00
-1.526004722438325041e-08 1.000000000000000000e+00
5.027356008389993965e-08 1.000000000000000000e+00
-3.563784862708817166e-09 1.000000000000000000e+00
6.980005630245351638e-08 1.000000000000000000e+00
-1.472484735316356845e-08 1.000000000000000000e+00
-5.184208525862478740e-08 1.000000000000000000e+00
-5.291054515603222078e-09 1.000000000000000000e+00
-1.461095041799229834e-08 1.000000000000000000e+00
-3.159120467906501047e-08 1.000000000000000000e+00
-4.160577828159796696e-08 1.000000000000000000e+00
-3.021698258611223600e-08 1.000000000000000000e+00
-2.255589817949760482e-08 1.000000000000000000e+00
-1.638912198884625689e-09 1.000000000000000000e+00
-2.683307844233100223e-08 1.000000000000000000e+00
-6.073181692670638006e-09 1.000000000000000000e+00
-2.941325542129796394e-08 1.000000000000000000e+00
-1.374375458485458276e-08 1.000000000000000000e+00
-1.746264678617651379e-08 1.000000000000000000e+00
-4.260142843932614793e-08 1.000000000000000000e+00
2.177253071236360733e-08 1.000000000000000000e+00
-3.855632638381049659e-08 1.000000000000000000e+00
2.397060373032330085e-08 1.000000000000000000e+00
7.196980976942663445e-08 1.000000000000000000e+00
-4.838540585093221666e-08 1.000000000000000000e+00
-4.561288619568566382e-08 1.000000000000000000e+00
3.269175166704969154e-08 1.000000000000000000e+00
-2.515826112228415789e-08 1.000000000000000000e+00
-4.259932615061101555e-08 1.000000000000000000e+00
2.966322500734155012e-08 1.000000000000000000e+00
-4.347901520012038453e-08 1.000000000000000000e+00
2.194231381754170126e-08 1.000000000000000000e+00
1.128993508288132319e-08 1.000000000000000000e+00
-1.658822455468071133e-08 1.000000000000000000e+00
-6.388656420898568779e-08 1.000000000000000000e+00
7.270174173110408562e-08 1.000000000000000000e+00
-4.331798060757084164e-08 1.000000000000000000e+00
7.879095147396331894e-09 1.000000000000000000e+00
3.620693436301567385e-09 1.000000000000000000e+00
-9.218078655549273965e-10 1.000000000000000000e+00
-1.066991763094101751e-07 1.000000000000000000e+00
1.899012776277482535e-08 1.000000000000000000e+00
3.370906740681281762e-08 1.000000000000000000e+00
-6.196740918144629223e-08 1.000000000000000000e+00
-4.581423606897584995e-08 1.000000000000000000e+00
5.333525245275499224e-09 1.000000000000000000e+00
5.687421567159103230e-08 1.000000000000000000e+00
-1.537555496436076641e-08 1.000000000000000000e+00
-5.557773136891531377e-08 1.000000000000000000e+00
-3.811739121310724798e-08 1.000000000000000000e+00
1.401252758026616333e-08 1.000000000000000000e+00
5.915252582593929353e-09 1.000000000000000000e+00
-1.445923674932569973e-08 1.000000000000000000e+00
3.340177009977273520e-08 1.000000000000000000e+00
3.297201392274857379e-08 1.000000000000000000e+00
5.344348363044905385e-08 1.000000000000000000e+00
5.375761742524212891e-08 1.000000000000000000e+00
-5.075203262314607252e-08 1.000000000000000000e+00
3.636079533722622014e-09 1.000000000000000000e+00
-1.750782078916838698e-08 1.000000000000000000e+00
4.593570885884271215e-08 1.000000000000000000e+00
1.893205796822692959e-08 1.000000000000000000e+00
3.980191741279922846e-08 1.000000000000000000e+00
-5.292781274036519700e-08 1.000000000000000000e+00
1.325132214911557018e-09 1.000000000000000000e+00
6.279699840086347324e-08 1.000000000000000000e+00
1.081902803944464001e-08 1.000000000000000000e+00
7.408387884848802843e-08 1.000000000000000000e+00
3.292258660449495931e-08 1.000000000000000000e+00
3.817965882564214124e-08 1.000000000000000000e+00
2.195068584183345999e-08 1.000000000000000000e+00
-1.818429251899118162e-08 1.000000000000000000e+00
-4.571607668148584518e-08 1.000000000000000000e+00
3.548440858442706420e-08 1.000000000000000000e+00
1.621966529635140542e-08 1.000000000000000000e+00
-5.216013752522322606e-08 1.000000000000000000e+00
-3.102697522130426170e-09 1.000000000000000000e+00
2.600471518354626800e-08 1.000000000000000000e+00
7.781496070006903784e-09 1.000000000000000000e+00
6.512398034147728440e-08 1.000000000000000000e+00
-5.212341971568121961e-09 1.000000000000000000e+00
-4.255710991696586361e-09 1.000000000000000000e+00
-4.440942722205944581e-08 1.000000000000000000e+00
-7.401062710547840268e-08 1.000000000000000000e+00
4.597194922569744438e-08 1.000000000000000000e+00
7.947956591051019649e-09 1.000000000000000000e+00
-9.521891238711641617e-09 1.000000000000000000e+00
-1.593575294737003985e-08 1.000000000000000000e+00
6.162998749496940279e-08 1.000000000000000000e+00
5.178058144733893218e-08 1.000000000000000000e+00
-7.306490605862548551e-09 1.000000000000000000e+00
-3.861080298111130343e-09 1.000000000000000000e+00
3.314652743857720620e-08 1.000000000000000000e+00
1.359586653525828269e-08 1.000000000000000000e+00
7.125366528040459240e-08 1.000000000000000000e+00
-1.720508205693891514e-08 1.000000000000000000e+00
4.257083371154307989e-08 1.000000000000000000e+00
-4.700907886087202234e-08 1.000000000000000000e+00
7.631739519677997908e-08 1.000000000000000000e+00
6.487782361379995212e-09 1.000000000000000000e+00
-6.735572148133085782e-08 1.000000000000000000e+00
1.735930634270610434e-08 1.000000000000000000e+00
-3.213975236141203345e-08 1.000000000000000000e+00
-2.747525058140604524e-08 1.000000000000000000e+00
9.741342507296498309e-09 1.000000000000000000e+00
2.378688483398828180e-08 1.000000000000000000e+00
2.716619370971850902e-08 1.000000000000000000e+00
-1.404585036253202281e-08 1.000000000000000000e+00
6.788257263095459243e-10 1.000000000000000000e+00
-5.804735464945354957e-08 1.000000000000000000e+00
-4.237371625918130362e-08 1.000000000000000000e+00
2.689201416821149679e-08 1.000000000000000000e+00
2.201022498779680838e-08 1.000000000000000000e+00
-3.104786292105699964e-08 1.000000000000000000e+00
-5.591955192806533314e-08 1.000000000000000000e+00
1.036415715987488116e-07 1.000000000000000000e+00
9.181049386434519679e-09 1.000000000000000000e+00
-2.327323800956234597e-08 1.000000000000000000e+00
-1.101675705632834011e-08 1.000000000000000000e+00
2.138922753863582157e-08 1.000000000000000000e+00
-2.267766327370711613e-09 1.000000000000000000e+00
-6.604358390844102448e-08 1.000000000000000000e+00
-2.377611543795003835e-08 1.000000000000000000e+00
-1.762188991855490543e-09 1.000000000000000000e+00
-2.193660268842817062e-08 1.000000000000000000e+00
-7.139350020945222437e-09 1.000000000000000000e+00
6.044335305216757208e-08 1.000000000000000000e+00
-5.239808423341317416e-09 1.000000000000000000e+00
-6.350084168633979856e-08 1.000000000000000000e+00
-4.800814979431314513e-09 1.000000000000000000e+00
-1.740279405325457364e-08 1.000000000000000000e+00
5.792833706158974962e-10 1.000000000000000000e+00
7.237768307019047327e-08 1.000000000000000000e+00
-4.749476854794511226e-08 1.000000000000000000e+00
5.768267825881466683e-08 1.000000000000000000e+00
6.392891071825009171e-08 1.000000000000000000e+00
-4.049081648647034718e-08 1.000000000000000000e+00
-6.731161223541828361e-09 1.000000000000000000e+00
1.169855117858145864e-08 1.000000000000000000e+00
2.727094144772408717e-08 1.000000000000000000e+00
-1.863502241458221065e-09 1.000000000000000000e+00
-7.311911395544170840e-10 1.000000000000000000e+00
1.390856325943197780e-08 1.000000000000000000e+00
8.683527395073019549e-09 1.000000000000000000e+00
-9.468788945713550076e-09 1.000000000000000000e+00
-7.782604756678941987e-08 1.000000000000000000e+00
2.499070104322190015e-08 1.000000000000000000e+00
-7.412223950847912952e-09 1.000000000000000000e+00
-9.677221429733975579e-08 1.000000000000000000e+00
-1.163807647669676932e-07 1.000000000000000000e+00
-2.762426370613211430e-08 1.000000000000000000e+00
5.024629279546746327e-09 1.000000000000000000e+00
-3.777131191988502458e-08 1.000000000000000000e+00
-3.219719312690054290e-08 1.000000000000000000e+00
-3.503955048883804342e-08 1.000000000000000000e+00
-5.206235775680873602e-08 1.000000000000000000e+00
2.219852142131467299e-08 1.000000000000000000e+00
1.794721058970495920e-08 1.000000000000000000e+00
-1.701001106548470774e-08 1.000000000000000000e+00
-9.826391426162755440e-09 1.000000000000000000e+00
5.342894747342724931e-08 1.000000000000000000e+00
-1.560979478412278720e-08 1.000000000000000000e+00
-1.831830895958701407e-08 1.000000000000000000e+00
-5.340491789384948804e-08 1.000000000000000000e+00
1.303592326597225337e-09 1.000000000000000000e+00
1.591857330033497815e-08 1.000000000000000000e+00
-3.004454500429364897e-08 1.000000000000000000e+00
5.090485446754866711e-09 1.000000000000000000e+00
-4.753644421762833284e-08 1.000000000000000000e+00
7.053105900866955172e-10 1.000000000000000000e+00
3.987369182831019816e-08 1.000000000000000000e+00
-3.199057660013065393e-08 1.000000000000000000e+00
7.017312649399295953e-08 1.000000000000000000e+00
-6.419101526435076102e-08 1.000000000000000000e+00
-2.597413395308910636e-08 1.000000000000000000e+00
3.109983152857491268e-08 1.000000000000000000e+00
8.776961858692399369e-08 1.000000000000000000e+00
-1.160669272922964848e-09 1.000000000000000000e+00
-1.038453674164719676e-08 1.000000000000000000e+00
5.273017072486961806e-08 1.000000000000000000e+00
-5.855257865017945895e-08 1.000000000000000000e+00
-3.485488332188044354e-08 1.000000000000000000e+00
-6.620875899397754950e-08 1.000000000000000000e+00
-1.005212176931876735e-07 1.000000000000000000e+00
1.401750838194418643e-08 1.000000000000000000e+00
5.677567687005881093e-08 1.000000000000000000e+00
-3.979817933036864844e-08 1.000000000000000000e+00
6.553198258875539131e-08 1.000000000000000000e+00
-5.216991063059476182e-08 1.000000000000000000e+00
1.766358935128176848e-08 1.000000000000000000e+00
2.973306191773598699e-08 1.000000000000000000e+00
-3.221360688255427969e-08 1.000000000000000000e+00
7.426315436343881967e-08 1.000000000000000000e+00
6.692060365937213440e-09 1.000000000000000000e+00
-3.117223535551542614e-08 1.000000000000000000e+00
1.304223072781187453e-08 1.000000000000000000e+00
2.841638431415491934e-08 1.000000000000000000e+00
-7.531100408796793156e-09 1.000000000000000000e+00
-1.879836358733027217e-09 1.000000000000000000e+00
-1.287807804676474489e-08 1.000000000000000000e+00
-2.802177877242050469e-08 1.000000000000000000e+00
6.209229750094933032e-08 1.000000000000000000e+00
-4.383113669358492262e-08 1.000000000000000000e+00
-4.992648822415034528e-08 1.000000000000000000e+00
2.943224161836256193e-09 1.000000000000000000e+00
2.759795364574355288e-08 1.000000000000000000e+00
6.324546182108545570e-08 1.000000000000000000e+00
4.614027069279421809e-08 1.000000000000000000e+00
6.905421905485450000e-09 1.000000000000000000e+00
-4.238348247918788402e-08 1.000000000000000000e+00
-3.469980807698776231e-08 1.000000000000000000e+00
-3.803462844805598259e-09 1.000000000000000000e+00
1.342683387092232181e-08 1.000000000000000000e+00
3.555359500382833932e-08 1.000000000000000000e+00
3.762158967914015358e-08 1.000000000000000000e+00
1.058540262901977753e-09 1.000000000000000000e+00
3.636121878155493187e-08 1.000000000000000000e+00
3.083931585144559209e-08 1.000000000000000000e+00
5.883663681368386630e-08 1.000000000000000000e+00
2.537378996730147296e-08 1.000000000000000000e+00
4.966865405896343434e-08 1.000000000000000000e+00
-7.335254518039351734e-09 1.000000000000000000e+00
4.093848651839941208e-08 1.000000000000000000e+00
-3.982834590942344050e-08 1.000000000000000000e+00
1.170737590015224848e-08 1.000000000000000000e+00
2.684574637757662868e-08 1.000000000000000000e+00
-2.131240870521367517e-08 1.000000000000000000e+00
2.170524291554346931e-08 1.000000000000000000e+00
3.374887217105661514e-08 1.000000000000000000e+00
-3.388586741268553325e-08 1.000000000000000000e+00
9.016946140242022439e-09 1.000000000000000000e+00
-7.738975806378015500e-11 1.000000000000000000e+00
7.028193869824002330e-08 1.000000000000000000e+00
-4.334701870859298577e-09 1.000000000000000000e+00
2.537709876815837095e-09 1.000000000000000000e+00
-8.699925507449848886e-08 1.000000000000000000e+00
2.955709313348222588e-08 1.000000000000000000e+00
4.526456948430714177e-08 1.000000000000000000e+00
5.067985903317889521e-08 1.000000000000000000e+00
2.962661845526206265e-08 1.000000000000000000e+00
2.171124729490152281e-08 1.000000000000000000e+00
-8.392883522903763648e-08 1.000000000000000000e+00
6.504882659592846151e-08 1.000000000000000000e+00
-4.318899474234486492e-08 1.000000000000000000e+00
-7.734846791870581680e-09 1.000000000000000000e+00
-4.714809312537853775e-08 1.000000000000000000e+00
7.490253599948169865e-08 1.000000000000000000e+00
1.577341602507104973e-09 1.000000000000000000e+00
4.992301198885575984e-08 1.000000000000000000e+00
1.326456063393032393e-08 1.000000000000000000e+00
-9.167362547312277995e-08 1.000000000000000000e+00
5.803933900669705274e-08 1.000000000000000000e+00
-3.389693846348539992e-08 1.000000000000000000e+00
6.963785895376493752e-09 1.000000000000000000e+00
-3.087471392758578850e-08 1.000000000000000000e+00
-2.895811081844838674e-08 1.000000000000000000e+00
5.683521616605717145e-08 1.000000000000000000e+00
-6.077326110691303275e-08 1.000000000000000000e+00
-1.733633845439497277e-08 1.000000000000000000e+00
-2.652249476096452609e-08 1.000000000000000000e+00
3.008744951734254898e-08 1.000000000000000000e+00
5.441973536023333039e-08 1.000000000000000000e+00
-4.792523713577340600e-08 1.000000000000000000e+00
-2.953975261093971741e-08 1.000000000000000000e+00
2.875875800720298811e-08 1.000000000000000000e+00
4.296190835233852982e-08 1.000000000000000000e+00
-7.221305290455908518e-09 1.000000000000000000e+00
-1.099985920408180406e-09 1.000000000000000000e+00
-1.206458320379895963e-08 1.000000000000000000e+00
-5.657581338723885300e-08 1.000000000000000000e+00
4.945276422205755897e-08 1.000000000000000000e+00
9.269984000294212746e-09 1.000000000000000000e+00
4.011132934005415162e-08 1.000000000000000000e+00
-4.993437634521705544e-09 1.000000000000000000e+00
-9.537524096786101841e-09 1.000000000000000000e+00
-5.935245118619222402e-08 1.000000000000000000e+00
1.812737531472288480e-08 1.000000000000000000e+00
8.502830527848998062e-09 1.000000000000000000e+00
3.457882338692116420e-08 1.000000000000000000e+00
-3.935904481268410959e-08 1.000000000000000000e+00
7.132860061210691131e-08 1.000000000000000000e+00
5.726468277071743083e-08 1.000000000000000000e+00
-3.458813043355159076e-08 1.000000000000000000e+00
1.276500911844963498e-08 1.000000000000000000e+00
1.095672649157219649e-08 1.000000000000000000e+00
-3.444952377240984514e-08 1.000000000000000000e+00
5.145719941388818497e-09 1.000000000000000000e+00
-1.501399298156478068e-09 1.000000000000000000e+00
-7.563861484755144276e-10 1.000000000000000000e+00
-2.640794414995551607e-08 1.000000000000000000e+00
7.682137826919389144e-08 1.000000000000000000e+00
-6.272235632510778058e-08 1.000000000000000000e+00
3.147202480319151441e-08 1.000000000000000000e+00
6.815271902454033249e-08 1.000000000000000000e+00
-2.617188210701589599e-08 1.000000000000000000e+00
5.199384474870731015e-08 1.000000000000000000e+00
-7.039302990434191242e-08 1.000000000000000000e+00
-2.096966824557340860e-08 1.000000000000000000e+00
2.748703758069826514e-08 1.000000000000000000e+00
-5.675945601553587995e-08 1.000000000000000000e+00
4.969005458934263423e-09 1.000000000000000000e+00
4.768742848203332746e-08 1.000000000000000000e+00
3.295534355632623447e-10 1.000000000000000000e+00
9.752424593736816635e-09 1.000000000000000000e+00
7.238817686622220333e-08 1.000000000000000000e+00
-1.092237522144193161e-08 1.000000000000000000e+00
3.997786246736770983e-09 1.000000000000000000e+00
-6.832217803164570026e-09 1.000000000000000000e+00
4.238147157347918558e-08 1.000000000000000000e+00
-1.470778490070302552e-09 1.000000000000000000e+00
-7.386392341248842640e-08 1.000000000000000000e+00
-2.500992022503291525e-08 1.000000000000000000e+00
-3.033915734891298633e-08 1.000000000000000000e+00
-3.309482826549535461e-08 1.000000000000000000e+00
8.728926694001469572e-09 1.000000000000000000e+00
4.837689924436604190e-08 1.000000000000000000e+00
6.517460471700571935e-08 1.000000000000000000e+00
4.134104490697558316e-08 1.000000000000000000e+00
