-4.068098703719066034e-08 1.000000000000000000e+00
-5.031998480809116814e-08 1.000000000000000000e+00
-2.281850164030466055e-08 1.000000000000000000e+00
2.934063356847500219e-08 1.000000000000000000e+00
8.866898482821658972e-09 1.000000000000000000e+00
-2.318503535034167060e-07 1.000000000000000000e+00
8.205311743391398951e-08 1.000000000000000000e+00
6.266670508192375265e-09 1.000000000000000000e+00
-1.219931686265709405e-08 1.000000000000000000e+00
-3.529010661303427460e-07 1.000000000000000000e+00
-2.970025039311410356e-08 1.000000000000000000e+00
-8.111578560753148050e-08 1.000000000000000000e+00
7.656634511731384446e-08 1.000000000000000000e+00
-2.106979989971639432e-07 1.000000000000000000e+00
-6.507540985402188895e-08 1.000000000000000000e+00
3.370855796464833120e-08 1.000000000000000000e+00
1.717928226813238134e-07 1.000000000000000000e+00
-4.488175061620647434e-09 1.000000000000000000e+00
-1.149701057113528012e-07 1.000000000000000000e+00
-1.364012562020265103e-08 1.000000000000000000e+00
-1.736593837107660121e-07 1.000000000000000000e+00
-2.027398801555176602e-08 1.000000000000000000e+00
1.823394488547946671e-07 1.000000000000000000e+00
1.879233685992641034e-07 1.000000000000000000e+00
8.585326519345275929e-08 1.000000000000000000e+00
9.438109970499398407e-08 1.000000000000000000e+00
5.424609070556398303e-08 1.000000000000000000e+00
-1.102063710701501802e-07 1.000000000000000000e+00
-7.249278819239449250e-08 1.000000000000000000e+00
-5.008598061934251325e-08 1.000000000000000000e+00
4.525186562321949315e-08 1.000000000000000000e+00
3.670997951305342846e-07 1.000000000000000000e+00
1.450318436061605577e-07 1.000000000000000000e+00
8.055137194064262163e-08 1.000000000000000000e+00
2.028180460259665542e-09 1.000000000000000000e+00
1.563248484121867261e-09 1.000000000000000000e+00
4.782747829001887542e-08 1.000000000000000000e+00
-2.316642314207919524e-08 1.000000000000000000e+00
-3.657315816499825618e-08 1.000000000000000000e+00
5.209580230398885047e-08 1.000000000000000000e+00
3.470688207781549061e-08 1.000000000000000000e+00
-1.112820925071304473e-08 1.000000000000000000e+00
-3.674568512350598567e-08 1.000000000000000000e+00
-5.997321045352192545e-09 1.000000000000000000e+00
-7.183389589489673713e-08 1.000000000000000000e+00
4.725256966259429530e-09 1.000000000000000000e+00
-1.569876416045621401e-07 1.000000000000000000e+00
-1.490119094310857704e-07 1.000000000000000000e+00
-5.876004159884847668e-08 1.000000000000000000e+00
-7.341339576632844265e-08 1.000000000000000000e+00
-1.209615804726863589e-08 1.000000000000000000e+00
-1.488509585369166032e-07 1.000000000000000000e+00
4.037281297839940606e-08 1.000000000000000000e+00
1.277385791826513637e-07 1.000000000000000000e+00
-9.517410626012096249e-08 1.000000000000000000e+00
-1.724355095682086554e-08 1.000000000000000000e+00
-5.121637211451226974e-08 1.000000000000000000e+00
-3.596103985959229790e-08 1.000000000000000000e+00
8.252975846106463102e-08 1.000000000000000000e+00
1.520472018598782808e-07 1.000000000000000000e+00
1.640433567933063914e-07 1.000000000000000000e+00
-4.522265298836494294e-08 1.000000000000000000e+00
-4.590496937934098548e-08 1.000000000000000000e+00
1.000164813760068438e-07 1.000000000000000000e+00
2.284666345413948190e-08 1.000000000000000000e+00
-4.210181652818394083e-08 1.000000000000000000e+00
1.092907567895763837e-07 1.000000000000000000e+00
-1.159273666982539598e-07 1.000000000000000000e+00
-1.129145854619974905e-07 1.000000000000000000e+00
-4.663280228369036034e-08 1.000000000000000000e+00
1.866675677964235346e-08 1.000000000000000000e+00
6.207408588361417718e-08 1.000000000000000000e+00
-6.024176592740820694e-08 1.000000000000000000e+00
-2.738545406002316919e-08 1.000000000000000000e+00
9.752705241075364630e-08 1.000000000000000000e+00
8.854113742956749754e-08 1.000000000000000000e+00
-6.864378156506784407e-08 1.000000000000000000e+00
1.269008120598018352e-07 1.000000000000000000e+00
2.093615481213901384e-08 1.000000000000000000e+00
9.607475393295135943e-09 1.000000000000000000e+00
-8.819961003353845194e-08 1.000000000000000000e+00
9.037750899113820501e-08 1.000000000000000000e+00
-1.403379421134803098e-07 1.000000000000000000e+00
-1.895136282204010692e-08 1.000000000000000000e+00
2.849039427258638148e-08 1.000000000000000000e+00
1.067816439150038058e-07 1.000000000000000000e+00
-1.311383195359941228e-07 1.000000000000000000e+00
-2.212306634567375551e-07 1.000000000000000000e+00
1.927313254461831231e-07 1.000000000000000000e+00
1.761414326414528836e-07 1.000000000000000000e+00
2.288252348666471476e-07 1.000000000000000000e+00
2.289177209089088990e-10 1.000000000000000000e+00
-2.794668046780914590e-08 1.000000000000000000e+00
4.697216936715567848e-08 1.000000000000000000e+00
3.377044201677965577e-08 1.000000000000000000e+00
6.816413907398781385e-08 1.000000000000000000e+00
1.520306724355839018e-08 1.000000000000000000e+00
2.119804106943726240e-07 1.000000000000000000e+00
3.998332852635206378e-08 1.000000000000000000e+00
8.764940561656908261e-09 1.000000000000000000e+00
-5.287962008234854214e-08 1.000000000000000000e+00
-3.662669451237544045e-08 1.000000000000000000e+00
-5.235594336142737782e-08 1.000000000000000000e+00
7.550504021971158467e-08 1.000000000000000000e+00
1.063932572228545250e-07 1.000000000000000000e+00
2.371059845535092972e-07 1.000000000000000000e+00
2.680952761534312319e-08 1.000000000000000000e+00
-2.706810694787501082e-08 1.000000000000000000e+00
-1.045625913019949265e-07 1.000000000000000000e+00
-7.234019553167047491e-08 1.000000000000000000e+00
4.238695186443356022e-08 1.000000000000000000e+00
-8.260399264166931997e-08 1.000000000000000000e+00
-1.252384872346222361e-08 1.000000000000000000e+00
4.355676841867137538e-08 1.000000000000000000e+00
6.896086227382079771e-08 1.000000000000000000e+00
7.890495862550508271e-08 1.000000000000000000e+00
4.274820456659707282e-08 1.000000000000000000e+00
3.833924684097569791e-08 1.000000000000000000e+00
1.007778181736948318e-07 1.000000000000000000e+00
2.142956126517590013e-07 1.000000000000000000e+00
5.383209220647303885e-09 1.000000000000000000e+00
-4.166039566582990267e-08 1.000000000000000000e+00
3.331808997621486141e-08 1.000000000000000000e+00
2.067507553819746502e-07 1.000000000000000000e+00
-1.940431822447885026e-08 1.000000000000000000e+00
3.812448892696697119e-08 1.000000000000000000e+00
7.984709738967204937e-08 1.000000000000000000e+00
-1.884919701838312843e-07 1.000000000000000000e+00
-2.741598919185670332e-08 1.000000000000000000e+00
1.403895991214325753e-08 1.000000000000000000e+00
1.554707410670850986e-08 1.000000000000000000e+00
4.152002457288967336e-08 1.000000000000000000e+00
9.064701058051364746e-08 1.000000000000000000e+00
1.050177520780361609e-07 1.000000000000000000e+00
-4.115739961907666846e-08 1.000000000000000000e+00
-2.652059467488845052e-09 1.000000000000000000e+00
2.594502376604651824e-08 1.000000000000000000e+00
-3.089225629707778622e-08 1.000000000000000000e+00
-7.409788154471104419e-08 1.000000000000000000e+00
-1.487130290130471717e-08 1.000000000000000000e+00
2.683631114401733216e-08 1.000000000000000000e+00
-1.307057629819545386e-07 1.000000000000000000e+00
-4.816528064412272537e-09 1.000000000000000000e+00
1.485270191380768854e-07 1.000000000000000000e+00
-3.019683982858830254e-08 1.000000000000000000e+00
7.423427975322584280e-08 1.000000000000000000e+00
-5.585191544341800124e-08 1.000000000000000000e+00
-3.048029795294010891e-09 1.000000000000000000e+00
1.610129215725368513e-07 1.000000000000000000e+00
3.897241265615259969e-07 1.000000000000000000e+00
7.396656192429567847e-08 1.000000000000000000e+00
9.068172461338297552e-07 1.000000000000000000e+00
8.751877937573199341e-08 1.000000000000000000e+00
8.862310316436027349e-08 1.000000000000000000e+00
5.853593201301120596e-07 1.000000000000000000e+00
1.353407318537759095e-07 1.000000000000000000e+00
3.116484352531166343e-08 1.000000000000000000e+00
-4.168552067660557660e-08 1.000000000000000000e+00
-3.112626225453853684e-08 1.000000000000000000e+00
4.230037253938742534e-08 1.000000000000000000e+00
-2.547335496068038304e-07 1.000000000000000000e+00
-1.226073545464613018e-08 1.000000000000000000e+00
-7.200273417522983593e-08 1.000000000000000000e+00
-3.581720754655089742e-09 1.000000000000000000e+00
2.664769599543027098e-08 1.000000000000000000e+00
1.413159449193256492e-07 1.000000000000000000e+00
-6.614292269315922850e-08 1.000000000000000000e+00
-1.745342010699806520e-07 1.000000000000000000e+00
8.207211786819817927e-08 1.000000000000000000e+00
-4.248312623365837733e-08 1.000000000000000000e+00
3.260839630209112797e-07 1.000000000000000000e+00
4.081533484957282894e-07 1.000000000000000000e+00
-2.168072826932839944e-08 1.000000000000000000e+00
-4.265386792093976807e-08 1.000000000000000000e+00
2.161755911322431661e-07 1.000000000000000000e+00
1.734517125757484885e-07 1.000000000000000000e+00
3.167834149692791954e-08 1.000000000000000000e+00
-4.491971996196665032e-08 1.000000000000000000e+00
-9.132888947231036683e-08 1.000000000000000000e+00
-2.103135615047509654e-07 1.000000000000000000e+00
-1.361879691969756540e-07 1.000000000000000000e+00
-2.281833425547448089e-08 1.000000000000000000e+00
3.417148212314991855e-08 1.000000000000000000e+00
-7.605224246242452448e-08 1.000000000000000000e+00
-1.181541355781455747e-10 1.000000000000000000e+00
-6.974587443974446107e-08 1.000000000000000000e+00
-9.879810347168371561e-08 1.000000000000000000e+00
1.766266972625170270e-07 1.000000000000000000e+00
-1.042898855221296334e-07 1.000000000000000000e+00
-1.476538741781053782e-09 1.000000000000000000e+00
-2.264185004240356818e-09 1.000000000000000000e+00
9.879771829395942775e-08 1.000000000000000000e+00
2.709110896391135315e-08 1.000000000000000000e+00
1.149560256451733974e-08 1.000000000000000000e+00
-4.369072160276854029e-07 1.000000000000000000e+00
-1.353886190490163572e-07 1.000000000000000000e+00
-9.494033979193196246e-09 1.000000000000000000e+00
-2.851135466783118610e-07 1.000000000000000000e+00
8.992106846158321638e-08 1.000000000000000000e+00
1.905301903123605853e-08 1.000000000000000000e+00
1.033174673139871044e-07 1.000000000000000000e+00
6.159578826497201272e-08 1.000000000000000000e+00
2.334036448385576108e-07 1.000000000000000000e+00
6.771851329260879493e-08 1.000000000000000000e+00
2.570078943031930812e-08 1.000000000000000000e+00
-4.561788466536973283e-08 1.000000000000000000e+00
1.234305153675998744e-08 1.000000000000000000e+00
4.455457994684006273e-08 1.000000000000000000e+00
-5.020090014282712757e-08 1.000000000000000000e+00
-7.349542650839803651e-08 1.000000000000000000e+00
-1.098627554963481190e-07 1.000000000000000000e+00
5.855885660005545989e-08 1.000000000000000000e+00
4.542532750874431316e-09 1.000000000000000000e+00
3.928278372535427094e-08 1.000000000000000000e+00
-2.648851358898589852e-08 1.000000000000000000e+00
6.989101875599069559e-08 1.000000000000000000e+00
1.121850329962002853e-07 1.000000000000000000e+00
4.246982705653602493e-08 1.000000000000000000e+00
8.062047590438060073e-09 1.000000000000000000e+00
1.804404996137472126e-07 1.000000000000000000e+00
-1.837496287070251391e-07 1.000000000000000000e+00
-1.989029626010973931e-07 1.000000000000000000e+00
-8.032724932824703038e-08 1.000000000000000000e+00
-4.793311132502386182e-08 1.000000000000000000e+00
5.206836479668416108e-08 1.000000000000000000e+00
9.773688198773506126e-08 1.000000000000000000e+00
-1.596778288109929331e-07 1.000000000000000000e+00
2.174217433015038331e-07 1.000000000000000000e+00
-1.234655355619131167e-07 1.000000000000000000e+00
5.999663339248185809e-09 1.000000000000000000e+00
-1.035210733343006947e-07 1.000000000000000000e+00
1.398290891990030914e-07 1.000000000000000000e+00
1.257495961087601302e-07 1.000000000000000000e+00
5.458578343686413978e-09 1.000000000000000000e+00
1.093394407349797050e-07 1.000000000000000000e+00
-3.327969345770992544e-08 1.000000000000000000e+00
-1.960374950965283439e-07 1.000000000000000000e+00
-9.655459774511942595e-08 1.000000000000000000e+00
-6.717419102787488271e-08 1.000000000000000000e+00
-1.054008128492136418e-08 1.000000000000000000e+00
1.043503991454750461e-07 1.000000000000000000e+00
2.099864920395560381e-07 1.000000000000000000e+00
2.914599843007830991e-08 1.000000000000000000e+00
-1.628146146518797344e-08 1.000000000000000000e+00
-7.823792878439346360e-08 1.000000000000000000e+00
-1.023932538477937288e-07 1.000000000000000000e+00
-2.834969228099527175e-09 1.000000000000000000e+00
-5.180868769667469484e-09 1.000000000000000000e+00
2.559477883988498570e-08 1.000000000000000000e+00
5.646929576643733121e-08 1.000000000000000000e+00
-7.210009998561324717e-08 1.000000000000000000e+00
4.198315142173448633e-08 1.000000000000000000e+00
1.029608223833133592e-08 1.000000000000000000e+00
2.640374095889144914e-08 1.000000000000000000e+00
-8.964065896300556698e-08 1.000000000000000000e+00
-2.138489480847774644e-08 1.000000000000000000e+00
3.096461115681441708e-08 1.000000000000000000e+00
6.840037865210873432e-08 1.000000000000000000e+00
5.729116981090434266e-08 1.000000000000000000e+00
-2.796095335333591574e-08 1.000000000000000000e+00
-3.432758140660899142e-08 1.000000000000000000e+00
-9.515762287536887554e-08 1.000000000000000000e+00
1.435619349947049202e-08 1.000000000000000000e+00
-4.679116631158116085e-08 1.000000000000000000e+00
1.063872242691009283e-07 1.000000000000000000e+00
9.822884317279485218e-08 1.000000000000000000e+00
-1.813309744058747188e-07 1.000000000000000000e+00
-2.808943379881422028e-08 1.000000000000000000e+00
6.823820940375556134e-08 1.000000000000000000e+00
3.065885367815796319e-08 1.000000000000000000e+00
-3.593020186337480619e-08 1.000000000000000000e+00
7.237508408456612655e-08 1.000000000000000000e+00
-2.618824295971990474e-08 1.000000000000000000e+00
5.096364786415161770e-08 1.000000000000000000e+00
1.073809064278134621e-07 1.000000000000000000e+00
-2.847863466680344617e-08 1.000000000000000000e+00
-7.697883341902007235e-08 1.000000000000000000e+00
1.654368151359159836e-07 1.000000000000000000e+00
4.916158583557622163e-08 1.000000000000000000e+00
-1.978519382272114039e-07 1.000000000000000000e+00
-1.957131752936375500e-07 1.000000000000000000e+00
-2.187827329347193216e-08 1.000000000000000000e+00
-3.999144867043682430e-09 1.000000000000000000e+00
3.646475764025005748e-08 1.000000000000000000e+00
-5.510493140160088970e-08 1.000000000000000000e+00
9.992368227566774271e-09 1.000000000000000000e+00
-9.122977956995478138e-08 1.000000000000000000e+00
-1.535552375583544709e-07 1.000000000000000000e+00
4.553391263805998080e-08 1.000000000000000000e+00
-7.395967165307581544e-08 1.000000000000000000e+00
2.186892087020481909e-07 1.000000000000000000e+00
-4.076269749940651807e-09 1.000000000000000000e+00
-3.823465272973221771e-08 1.000000000000000000e+00
1.191599296386388211e-08 1.000000000000000000e+00
2.241580736148883492e-08 1.000000000000000000e+00
-8.627043809073745644e-08 1.000000000000000000e+00
2.588262790719168334e-08 1.000000000000000000e+00
-9.352240515810473008e-08 1.000000000000000000e+00
5.375512321365928655e-08 1.000000000000000000e+00
-1.137224928919752603e-07 1.000000000000000000e+00
-1.392441421522183305e-08 1.000000000000000000e+00
-1.231886965791002873e-08 1.000000000000000000e+00
1.946588351364655905e-08 1.000000000000000000e+00
-2.066292330308574252e-08 1.000000000000000000e+00
-8.666947725463263906e-08 1.000000000000000000e+00
1.306683711505721319e-08 1.000000000000000000e+00
-1.012662983413604293e-07 1.000000000000000000e+00
2.786284874700271239e-07 1.000000000000000000e+00
-1.669933834677698074e-08 1.000000000000000000e+00
-1.355374319304387262e-07 1.000000000000000000e+00
4.716028334063042289e-08 1.000000000000000000e+00
-4.975579901790645958e-08 1.000000000000000000e+00
-1.657699913237768372e-08 1.000000000000000000e+00
-1.425886328254480024e-07 1.000000000000000000e+00
2.831642497529212840e-08 1.000000000000000000e+00
3.022419343914074924e-08 1.000000000000000000e+00
-8.461641676606485116e-08 1.000000000000000000e+00
2.490902226034342658e-08 1.000000000000000000e+00
8.743570556174224984e-08 1.000000000000000000e+00
1.999927046161885116e-07 1.000000000000000000e+00
-3.901182331739148275e-08 1.000000000000000000e+00
-3.791121791792523824e-08 1.000000000000000000e+00
1.133916945733408282e-07 1.000000000000000000e+00
2.573066054348157597e-08 1.000000000000000000e+00
-1.092142367176855471e-07 1.000000000000000000e+00
7.307145070680460218e-08 1.000000000000000000e+00
-1.620333934374576585e-07 1.000000000000000000e+00
5.819186352668688843e-08 1.000000000000000000e+00
4.291275889845662765e-09 1.000000000000000000e+00
8.113812111429565852e-08 1.000000000000000000e+00
1.111874827437541304e-07 1.000000000000000000e+00
1.584638862551232719e-07 1.000000000000000000e+00
-1.955313800369900953e-07 1.000000000000000000e+00
1.477029223336514569e-07 1.000000000000000000e+00
1.868372078422831609e-07 1.000000000000000000e+00
-2.435671076043283924e-08 1.000000000000000000e+00
-2.141099281476881681e-08 1.000000000000000000e+00
-3.546477648985728685e-08 1.000000000000000000e+00
3.878907919815013585e-08 1.000000000000000000e+00
6.319143346452231359e-08 1.000000000000000000e+00
5.264165106929136522e-08 1.000000000000000000e+00
1.439004594235076151e-07 1.000000000000000000e+00
-1.356625868855038559e-07 1.000000000000000000e+00
-1.529425717274860132e-08 1.000000000000000000e+00
-1.359613968007426127e-07 1.000000000000000000e+00
1.404554248479311452e-07 1.000000000000000000e+00
-2.913951840543795752e-09 1.000000000000000000e+00
3.042577331715335236e-07 1.000000000000000000e+00
-9.044313074350518540e-08 1.000000000000000000e+00
-5.905533161574555657e-08 1.000000000000000000e+00
-1.189972428270906495e-07 1.000000000000000000e+00
-4.009815314029425095e-08 1.000000000000000000e+00
7.474385108550948443e-08 1.000000000000000000e+00
9.383947476248084422e-08 1.000000000000000000e+00
-7.564713486089925997e-10 1.000000000000000000e+00
2.614494194443472293e-08 1.000000000000000000e+00
9.258247496625986265e-08 1.000000000000000000e+00
1.109944713969580690e-07 1.000000000000000000e+00
6.601774360233268269e-09 1.000000000000000000e+00
-6.476466008126151736e-08 1.000000000000000000e+00
1.809670373429413035e-08 1.000000000000000000e+00
-2.015055403295898142e-07 1.000000000000000000e+00
5.463163851387638625e-08 1.000000000000000000e+00
-2.265443806711908552e-08 1.000000000000000000e+00
1.494416213065508295e-07 1.000000000000000000e+00
5.537587275379284213e-08 1.000000000000000000e+00
-7.459826234945960367e-08 1.000000000000000000e+00
-5.879866911259915322e-08 1.000000000000000000e+00
-2.030700103758560285e-08 1.000000000000000000e+00
-8.765803746097076679e-08 1.000000000000000000e+00
-2.675368212113009263e-08 1.000000000000000000e+00
-7.878338225359459114e-08 1.000000000000000000e+00
-1.060923337533900519e-07 1.000000000000000000e+00
1.787787742302863047e-07 1.000000000000000000e+00
-1.308588899175843216e-07 1.000000000000000000e+00
1.180562348057615021e-07 1.000000000000000000e+00
-1.105108131956701060e-08 1.000000000000000000e+00
-1.338600981396022102e-08 1.000000000000000000e+00
8.315325105421654158e-08 1.000000000000000000e+00
6.012414840183960062e-08 1.000000000000000000e+00
4.662150706747896960e-08 1.000000000000000000e+00
-4.182749851623298576e-08 1.000000000000000000e+00
-7.338563062641797579e-08 1.000000000000000000e+00
1.069895219234942441e-07 1.000000000000000000e+00
5.390098875743328943e-08 1.000000000000000000e+00
1.842698547688170859e-08 1.000000000000000000e+00
1.376676347915359356e-08 1.000000000000000000e+00
1.559058643732018327e-08 1.000000000000000000e+00
3.218024862092448647e-09 1.000000000000000000e+00
5.314200797269167389e-08 1.000000000000000000e+00
-1.940241423125929595e-07 1.000000000000000000e+00
-1.332031631090349654e-07 1.000000000000000000e+00
-8.508615632401475409e-08 1.000000000000000000e+00
5.259801457909066769e-08 1.000000000000000000e+00
-6.192650115144014614e-08 1.000000000000000000e+00
-3.203639951117871378e-08 1.000000000000000000e+00
1.319439402475875990e-07 1.000000000000000000e+00
1.956806076117977042e-07 1.000000000000000000e+00
1.628841755034693867e-07 1.000000000000000000e+00
1.057549100083430503e-07 1.000000000000000000e+00
-2.492166120093199858e-08 1.000000000000000000e+00
3.861434436438476081e-08 1.000000000000000000e+00
-9.815191430027571768e-08 1.000000000000000000e+00
-1.567554992790212357e-08 1.000000000000000000e+00
3.821719903141473604e-08 1.000000000000000000e+00
-1.750918451912741585e-08 1.000000000000000000e+00
-7.505076167052296225e-08 1.000000000000000000e+00
9.209108990604855749e-08 1.000000000000000000e+00
1.241615931741648099e-08 1.000000000000000000e+00
-6.298759874433759129e-09 1.000000000000000000e+00
-8.637708559493350615e-08 1.000000000000000000e+00
-1.233254890223689237e-07 1.000000000000000000e+00
2.845399580374456379e-08 1.000000000000000000e+00
-7.540603738551918004e-08 1.000000000000000000e+00
2.107013747847929941e-10 1.000000000000000000e+00
-6.766824657037274299e-08 1.000000000000000000e+00
-5.876139281597309456e-08 1.000000000000000000e+00
3.140870455745840088e-08 1.000000000000000000e+00
-7.468064394223289349e-08 1.000000000000000000e+00
2.104599957151274726e-07 1.000000000000000000e+00
2.031022060389633044e-08 1.000000000000000000e+00
1.011430671408787706e-07 1.000000000000000000e+00
6.423778064637281925e-08 1.000000000000000000e+00
9.765661510930273816e-08 1.000000000000000000e+00
5.391717885879646422e-08 1.000000000000000000e+00
-2.651851876059932235e-07 1.000000000000000000e+00
-9.959337779080288168e-09 1.000000000000000000e+00
-6.599650385881111478e-08 1.000000000000000000e+00
9.937074984130538950e-08 1.000000000000000000e+00
-8.775163459710744522e-08 1.000000000000000000e+00
1.445979255721213911e-07 1.000000000000000000e+00
3.966999093055747717e-08 1.000000000000000000e+00
2.623211725864880996e-07 1.000000000000000000e+00
-4.773603411371566608e-09 1.000000000000000000e+00
1.235100468394409185e-07 1.000000000000000000e+00
5.149039008750502667e-08 1.000000000000000000e+00
-5.314497306838849230e-08 1.000000000000000000e+00
5.926486610754575360e-08 1.000000000000000000e+00
5.614208473743006128e-08 1.000000000000000000e+00
3.371032873740179791e-08 1.000000000000000000e+00
1.239861474025126901e-07 1.000000000000000000e+00
-1.024121696190117259e-07 1.000000000000000000e+00
-8.319478645427199124e-08 1.000000000000000000e+00
-9.848678063599611425e-08 1.000000000000000000e+00
-7.267971021416029472e-09 1.000000000000000000e+00
3.225050353692522438e-08 1.000000000000000000e+00
3.211649627215016441e-08 1.000000000000000000e+00
-1.874761150452789909e-07 1.000000000000000000e+00
-2.002257628259299876e-07 1.000000000000000000e+00
1.226977270035048307e-07 1.000000000000000000e+00
-2.586776954893368701e-08 1.000000000000000000e+00
-1.687261183927575337e-07 1.000000000000000000e+00
-8.706201595733831952e-08 1.000000000000000000e+00
1.534014439708395219e-07 1.000000000000000000e+00
-1.423473682743119200e-07 1.000000000000000000e+00
-2.429128697440629840e-08 1.000000000000000000e+00
-3.509073829139151216e-08 1.000000000000000000e+00
3.921500614806578296e-07 1.000000000000000000e+00
3.232154016387061450e-07 1.000000000000000000e+00
-5.932690731597028115e-08 1.000000000000000000e+00
-1.309307771768394438e-07 1.000000000000000000e+00
1.773814741510031749e-07 1.000000000000000000e+00
-4.103617748225538733e-08 1.000000000000000000e+00
1.493198591218334416e-07 1.000000000000000000e+00
5.424772759471079173e-08 1.000000000000000000e+00
1.554468208268191589e-08 1.000000000000000000e+00
-5.815790397577886743e-08 1.000000000000000000e+00
-4.670916279489782807e-08 1.000000000000000000e+00
-2.351717853401296508e-07 1.000000000000000000e+00
-4.298855969440567390e-08 1.000000000000000000e+00
-1.070190041678518620e-07 1.000000000000000000e+00
9.464802665446334511e-08 1.000000000000000000e+00
-7.703765842037269251e-08 1.000000000000000000e+00
-1.645720417905884875e-07 1.000000000000000000e+00
-7.684573551584742273e-08 1.000000000000000000e+00
2.741834954263273820e-08 1.000000000000000000e+00
-7.119467480371605479e-09 1.000000000000000000e+00
-1.318443654752391639e-07 1.000000000000000000e+00
1.268306783392019960e-07 1.000000000000000000e+00
3.197360324673505515e-09 1.000000000000000000e+00
1.723411276712732718e-07 1.000000000000000000e+00
4.597778241411080785e-08 1.000000000000000000e+00
-2.307324782517990439e-08 1.000000000000000000e+00
2.089058772394600343e-07 1.000000000000000000e+00
-3.085194660149448717e-07 1.000000000000000000e+00
1.632600272086182719e-07 1.000000000000000000e+00
7.033024714188559343e-08 1.000000000000000000e+00
-3.075232599506201600e-07 1.000000000000000000e+00
1.059709168602697721e-07 1.000000000000000000e+00
3.368047983961647069e-08 1.000000000000000000e+00
9.083867987798115937e-08 1.000000000000000000e+00
-1.080244000704004520e-07 1.000000000000000000e+00
-5.477358723055133235e-08 1.000000000000000000e+00
5.723395300065585141e-08 1.000000000000000000e+00
2.012598328969210335e-07 1.000000000000000000e+00
-3.495010398130097876e-08 1.000000000000000000e+00
-4.259748680365704212e-08 1.000000000000000000e+00
3.537322682904360568e-07 1.000000000000000000e+00
8.718326546082025691e-08 1.000000000000000000e+00
6.217119746783019067e-07 1.000000000000000000e+00
-1.717787727982187422e-08 1.000000000000000000e+00
-1.041452672319906507e-07 1.000000000000000000e+00
9.511241189646858421e-07 1.000000000000000000e+00
-1.855741238176835807e-08 1.000000000000000000e+00
1.048444690615101757e-08 1.000000000000000000e+00
1.421167645220240948e-07 1.000000000000000000e+00
1.321256415607478774e-07 1.000000000000000000e+00
-9.791701270137716803e-08 1.000000000000000000e+00
7.453229774195890786e-08 1.000000000000000000e+00
8.644571860692291105e-09 1.000000000000000000e+00
1.963377351759384964e-07 1.000000000000000000e+00
8.964750799115926413e-08 1.000000000000000000e+00
-6.907575701329778984e-08 1.000000000000000000e+00
3.084018055209243015e-08 1.000000000000000000e+00
8.698772071255040092e-08 1.000000000000000000e+00
-7.748698901203904877e-08 1.000000000000000000e+00
-3.812113507520452933e-08 1.000000000000000000e+00
-4.285267960110588465e-08 1.000000000000000000e+00
-1.692785707558081790e-08 1.000000000000000000e+00
-1.692898793644645529e-07 1.000000000000000000e+00
-9.017814565221194996e-09 1.000000000000000000e+00
1.694061741537068843e-07 1.000000000000000000e+00
-1.645956912167343877e-07 1.000000000000000000e+00
-9.720067757354332405e-08 1.000000000000000000e+00
-1.011922562190117035e-08 1.000000000000000000e+00
6.013089324848911239e-08 1.000000000000000000e+00
-1.885908201990521404e-07 1.000000000000000000e+00
-2.633330061593731284e-07 1.000000000000000000e+00
-1.502605355146561123e-07 1.000000000000000000e+00
-1.383046951807545268e-07 1.000000000000000000e+00
-1.152877588304866106e-07 1.000000000000000000e+00
3.949841626300713908e-08 1.000000000000000000e+00
2.873582392622941595e-08 1.000000000000000000e+00
6.912452264247731456e-08 1.000000000000000000e+00
2.726940175712757087e-07 1.000000000000000000e+00
-2.061634724984357663e-08 1.000000000000000000e+00
3.910942789001072084e-08 1.000000000000000000e+00
5.589276201904065200e-08 1.000000000000000000e+00
-7.448860629125127271e-08 1.000000000000000000e+00
3.934591989150141373e-08 1.000000000000000000e+00
9.893000415222199932e-08 1.000000000000000000e+00
2.759503548962840417e-07 1.000000000000000000e+00
5.393513296650330018e-08 1.000000000000000000e+00
1.158300969887697395e-07 1.000000000000000000e+00
-8.571879684570898112e-09 1.000000000000000000e+00
1.667133602053175845e-07 1.000000000000000000e+00
2.533767724819079602e-08 1.000000000000000000e+00
-1.873409282729518277e-07 1.000000000000000000e+00
4.464532607523336556e-08 1.000000000000000000e+00
-1.492955579605569053e-07 1.000000000000000000e+00
-1.010252858927527628e-07 1.000000000000000000e+00
-6.020432264885802464e-09 1.000000000000000000e+00
-4.561219968244711908e-08 1.000000000000000000e+00
-1.929279225689292406e-07 1.000000000000000000e+00
-3.199297641797407861e-08 1.000000000000000000e+00
-1.108436757002716732e-07 1.000000000000000000e+00
1.119114958099922074e-07 1.000000000000000000e+00
2.347642107327205549e-08 1.000000000000000000e+00
1.239139392575880372e-07 1.000000000000000000e+00
-6.151638198069549949e-08 1.000000000000000000e+00
-1.292558166407790353e-08 1.000000000000000000e+00
1.800511825387489009e-07 1.000000000000000000e+00
1.012711096871134667e-08 1.000000000000000000e+00
9.166212289418447523e-08 1.000000000000000000e+00
2.151122008188861599e-07 1.000000000000000000e+00
1.223711693346898311e-07 1.000000000000000000e+00
-8.286686391153670598e-08 1.000000000000000000e+00
1.412105396400340314e-07 1.000000000000000000e+00
1.480287767338985314e-07 1.000000000000000000e+00
9.770430517732607342e-09 1.000000000000000000e+00
8.095790790501353986e-08 1.000000000000000000e+00
-5.985738243382658571e-08 1.000000000000000000e+00
-2.539373982247591277e-07 1.000000000000000000e+00
5.580528259927240185e-08 1.000000000000000000e+00
1.507007792550457758e-08 1.000000000000000000e+00
-9.829075789504066551e-08 1.000000000000000000e+00
1.104754698817145480e-08 1.000000000000000000e+00
-2.311302109388437482e-07 1.000000000000000000e+00
2.071755666407924509e-08 1.000000000000000000e+00
1.997279064315578901e-07 1.000000000000000000e+00
1.299955217148709831e-07 1.000000000000000000e+00
5.315088866008654346e-07 1.000000000000000000e+00
1.335833262478889372e-08 1.000000000000000000e+00
1.411693863094502613e-07 1.000000000000000000e+00
-1.632875520801349968e-07 1.000000000000000000e+00
6.057176994716499063e-08 1.000000000000000000e+00
1.353870669236207873e-07 1.000000000000000000e+00
-6.293976424451826572e-08 1.000000000000000000e+00
-2.255453322892309065e-08 1.000000000000000000e+00
2.284502071405994694e-07 1.000000000000000000e+00
7.654437347141416533e-08 1.000000000000000000e+00
6.351166981951930236e-08 1.000000000000000000e+00
3.597209533859504801e-08 1.000000000000000000e+00
-9.775623798124500485e-08 1.000000000000000000e+00
1.502346842211404371e-08 1.000000000000000000e+00
-3.805544043404456403e-08 1.000000000000000000e+00
3.878885992805838076e-08 1.000000000000000000e+00
-7.197027111063292765e-09 1.000000000000000000e+00
-2.708653529011871684e-07 1.000000000000000000e+00
1.871030403365214427e-07 1.000000000000000000e+00
5.043585629695408405e-08 1.000000000000000000e+00
-3.660728006433406752e-07 1.000000000000000000e+00
1.693849642601081011e-07 1.000000000000000000e+00
6.939277957381557186e-08 1.000000000000000000e+00
4.219563776724198326e-08 1.000000000000000000e+00
2.425790466931965432e-07 1.000000000000000000e+00
1.498980856807947646e-07 1.000000000000000000e+00
7.356831017585522361e-08 1.000000000000000000e+00
1.918388917944500185e-07 1.000000000000000000e+00
-3.657546767018197871e-09 1.000000000000000000e+00
2.795013024067284853e-07 1.000000000000000000e+00
-2.588186195880523298e-08 1.000000000000000000e+00
-4.245988055916010398e-08 1.000000000000000000e+00
1.345442981904608235e-07 1.000000000000000000e+00
-4.611241833533563599e-08 1.000000000000000000e+00
4.082235443114572110e-09 1.000000000000000000e+00
2.889293964341613946e-08 1.000000000000000000e+00
9.546266719425313196e-08 1.000000000000000000e+00
-8.644295454563502063e-08 1.000000000000000000e+00
9.526100011069649437e-08 1.000000000000000000e+00
1.667520422415523991e-08 1.000000000000000000e+00
3.804223341637261853e-07 1.000000000000000000e+00
6.792386258108875115e-08 1.000000000000000000e+00
2.491399889986393799e-07 1.000000000000000000e+00
-5.294839653924725280e-08 1.000000000000000000e+00
-4.376875331461446542e-09 1.000000000000000000e+00
-2.270851464196000300e-08 1.000000000000000000e+00
-3.292237304649085092e-08 1.000000000000000000e+00
-1.953863171039291545e-07 1.000000000000000000e+00
4.397374838676610258e-08 1.000000000000000000e+00
-7.004967934841852806e-08 1.000000000000000000e+00
8.610084249409948472e-08 1.000000000000000000e+00
-1.248509908195076067e-07 1.000000000000000000e+00
2.801750555380668537e-08 1.000000000000000000e+00
4.579164802935624718e-08 1.000000000000000000e+00
-1.011817941055030419e-07 1.000000000000000000e+00
-1.180810009292138278e-07 1.000000000000000000e+00
-1.383228999023165822e-07 1.000000000000000000e+00
1.182752013544049179e-07 1.000000000000000000e+00
-9.189824137472492160e-08 1.000000000000000000e+00
5.014619075932406748e-08 1.000000000000000000e+00
-9.504251544644663526e-08 1.000000000000000000e+00
-3.262072980037301740e-07 1.000000000000000000e+00
8.250758367740589378e-09 1.000000000000000000e+00
2.297465841700460254e-08 1.000000000000000000e+00
3.288509615553311753e-09 1.000000000000000000e+00
-1.769833249688031727e-07 1.000000000000000000e+00
9.237354771281785206e-08 1.000000000000000000e+00
4.694314743712700542e-08 1.000000000000000000e+00
4.009718277271981205e-08 1.000000000000000000e+00
2.549543194440462497e-08 1.000000000000000000e+00
1.300911075584542098e-07 1.000000000000000000e+00
-9.272093141453506706e-08 1.000000000000000000e+00
-6.148578612768410567e-08 1.000000000000000000e+00
-6.261433670762639399e-08 1.000000000000000000e+00
-1.457873030975796193e-07 1.000000000000000000e+00
-4.236800343183326207e-08 1.000000000000000000e+00
8.309519742545403887e-08 1.000000000000000000e+00
9.732531782907855343e-08 1.000000000000000000e+00
6.918572892728708322e-08 1.000000000000000000e+00
3.568501427413155540e-08 1.000000000000000000e+00
-4.481243251309211685e-08 1.000000000000000000e+00
7.711819444700067887e-08 1.000000000000000000e+00
1.494141894258583752e-07 1.000000000000000000e+00
-1.493377311067506232e-08 1.000000000000000000e+00
-2.944333728497483095e-08 1.000000000000000000e+00
-1.887053258405842032e-07 1.000000000000000000e+00
2.135577809403706923e-07 1.000000000000000000e+00
-4.063655912987493668e-08 1.000000000000000000e+00
1.796960762895521590e-07 1.000000000000000000e+00
-1.348685201812166316e-07 1.000000000000000000e+00
7.723532403885651195e-08 1.000000000000000000e+00
-1.637319459556242774e-07 1.000000000000000000e+00
4.941691856820775214e-08 1.000000000000000000e+00
3.776323685241643838e-08 1.000000000000000000e+00
2.548033541431661662e-07 1.000000000000000000e+00
-1.005564279117530980e-07 1.000000000000000000e+00
2.211124880924116370e-07 1.000000000000000000e+00
1.517673341299158279e-07 1.000000000000000000e+00
5.808739133142327785e-08 1.000000000000000000e+00
8.216177095462533961e-08 1.000000000000000000e+00
1.737842924033731997e-08 1.000000000000000000e+00
2.792959119425035492e-08 1.000000000000000000e+00
9.049543039617218755e-08 1.000000000000000000e+00
4.235622310631856358e-08 1.000000000000000000e+00
1.762153609118835389e-07 1.000000000000000000e+00
-1.151630245369592303e-07 1.000000000000000000e+00
-1.217921612746252981e-07 1.000000000000000000e+00
1.878855226349104852e-08 1.000000000000000000e+00
1.816654749063085227e-08 1.000000000000000000e+00
-1.037645009916927172e-07 1.000000000000000000e+00
2.060815796178629293e-07 1.000000000000000000e+00
-1.633805191253339841e-07 1.000000000000000000e+00
1.264307438947098873e-07 1.000000000000000000e+00
9.856365088731172893e-08 1.000000000000000000e+00
-1.375693687481820855e-08 1.000000000000000000e+00
2.093356322319611019e-08 1.000000000000000000e+00
5.990423375812249589e-08 1.000000000000000000e+00
-5.911851259435501674e-08 1.000000000000000000e+00
5.851855754228437342e-08 1.000000000000000000e+00
-1.232991205569476247e-07 1.000000000000000000e+00
1.316493246469447802e-08 1.000000000000000000e+00
-2.700316210269417760e-08 1.000000000000000000e+00
2.806158427749626581e-07 1.000000000000000000e+00
-7.084749711959879096e-08 1.000000000000000000e+00
-3.978662461489761577e-08 1.000000000000000000e+00
-8.661960613593005161e-08 1.000000000000000000e+00
4.499409401723750027e-08 1.000000000000000000e+00
3.284831962906254996e-09 1.000000000000000000e+00
1.691700898062922282e-07 1.000000000000000000e+00
1.770378768729091688e-07 1.000000000000000000e+00
-9.386929363786846670e-08 1.000000000000000000e+00
1.053840546281157301e-07 1.000000000000000000e+00
5.831306427314255701e-08 1.000000000000000000e+00
-1.781031945030696880e-08 1.000000000000000000e+00
1.834142688611418657e-07 1.000000000000000000e+00
2.433221314250850582e-07 1.000000000000000000e+00
1.643144186242686876e-07 1.000000000000000000e+00
-1.189912215948316542e-08 1.000000000000000000e+00
2.133129273263974285e-08 1.000000000000000000e+00
7.846277265957273661e-08 1.000000000000000000e+00
-8.721939632402204028e-08 1.000000000000000000e+00
4.227745099618930811e-08 1.000000000000000000e+00
3.053306267060305119e-08 1.000000000000000000e+00
2.211852455144369243e-08 1.000000000000000000e+00
-2.530543167951564066e-08 1.000000000000000000e+00
-5.542704358297895030e-09 1.000000000000000000e+00
1.490802951265866721e-08 1.000000000000000000e+00
3.469256549967477955e-09 1.000000000000000000e+00
-5.423753298600828531e-08 1.000000000000000000e+00
1.562750630239102628e-07 1.000000000000000000e+00
-2.485192043466378532e-08 1.000000000000000000e+00
-9.040258537344127114e-08 1.000000000000000000e+00
7.857106442526244988e-08 1.000000000000000000e+00
-1.222508819031981063e-07 1.000000000000000000e+00
9.035676692356571377e-08 1.000000000000000000e+00
5.202279001427056750e-08 1.000000000000000000e+00
2.245755275722055936e-08 1.000000000000000000e+00
-5.757332946704680482e-08 1.000000000000000000e+00
-2.055465969009580602e-08 1.000000000000000000e+00
2.685035831798583700e-07 1.000000000000000000e+00
1.917904016240448776e-08 1.000000000000000000e+00
-4.228121638367006774e-08 1.000000000000000000e+00
-1.524292781565276162e-08 1.000000000000000000e+00
8.426026830697473989e-08 1.000000000000000000e+00
2.011629435213392080e-08 1.000000000000000000e+00
1.169682806503360569e-07 1.000000000000000000e+00
1.352583634447976991e-07 1.000000000000000000e+00
2.070641797205039279e-07 1.000000000000000000e+00
-1.657849294207866245e-08 1.000000000000000000e+00
-5.175428043940588329e-08 1.000000000000000000e+00
-1.387897755760082040e-07 1.000000000000000000e+00
-1.465932020086107113e-07 1.000000000000000000e+00
-7.977441885143942879e-08 1.000000000000000000e+00
6.208631518278251888e-08 1.000000000000000000e+00
-2.531179712924251858e-07 1.000000000000000000e+00
-6.858598317489374240e-08 1.000000000000000000e+00
8.344404487858476911e-08 1.000000000000000000e+00
1.399185794189648943e-07 1.000000000000000000e+00
2.371169116872902756e-08 1.000000000000000000e+00
-2.164404405761454174e-08 1.000000000000000000e+00
5.654709310912619596e-08 1.000000000000000000e+00
-1.162428925886210979e-07 1.000000000000000000e+00
7.107717730435351151e-08 1.000000000000000000e+00
-4.813028262753514416e-08 1.000000000000000000e+00
-3.990355443067461799e-08 1.000000000000000000e+00
2.083211753736706784e-07 1.000000000000000000e+00
1.324905710642041682e-07 1.000000000000000000e+00
-5.865282175294745241e-09 1.000000000000000000e+00
-1.534675828438415593e-08 1.000000000000000000e+00
2.136190672736774902e-07 1.000000000000000000e+00
-1.013851913783700764e-07 1.000000000000000000e+00
2.823417471865692798e-10 1.000000000000000000e+00
7.909384962612650469e-08 1.000000000000000000e+00
9.132942469345304890e-08 1.000000000000000000e+00
1.107753965953490629e-07 1.000000000000000000e+00
1.173459608135278555e-07 1.000000000000000000e+00
5.383718446493598111e-08 1.000000000000000000e+00
-9.164908127837220822e-08 1.000000000000000000e+00
-4.504256658345017981e-08 1.000000000000000000e+00
9.639785788531969484e-08 1.000000000000000000e+00
6.741704196203092188e-08 1.000000000000000000e+00
2.068670667727240140e-07 1.000000000000000000e+00
6.801805883736051354e-09 1.000000000000000000e+00
-2.678396348432114893e-08 1.000000000000000000e+00
1.573111298893052544e-07 1.000000000000000000e+00
-1.074540246506079473e-08 1.000000000000000000e+00
-7.653443884476140634e-08 1.000000000000000000e+00
1.180360369969943772e-08 1.000000000000000000e+00
-1.753167894517561515e-08 1.000000000000000000e+00
-9.948653649495463061e-08 1.000000000000000000e+00
1.388571885625033349e-07 1.000000000000000000e+00
2.452352869543579944e-07 1.000000000000000000e+00
-1.809098481969288219e-08 1.000000000000000000e+00
6.728579398754253256e-08 1.000000000000000000e+00
2.392216438140935019e-07 1.000000000000000000e+00
4.197996263331585791e-09 1.000000000000000000e+00
-6.281516367906131864e-09 1.000000000000000000e+00
9.179228452905375157e-08 1.000000000000000000e+00
4.311791361222753101e-08 1.000000000000000000e+00
1.703884788450736181e-07 1.000000000000000000e+00
-9.938766911884181287e-08 1.000000000000000000e+00
9.900962300148848184e-08 1.000000000000000000e+00
-9.531503950396576974e-08 1.000000000000000000e+00
-5.395659833993953643e-08 1.000000000000000000e+00
7.541706897469742363e-08 1.000000000000000000e+00
4.669456999628137728e-08 1.000000000000000000e+00
3.527230068567549631e-08 1.000000000000000000e+00
-1.437533465633578161e-07 1.000000000000000000e+00
-7.549781254274379740e-08 1.000000000000000000e+00
-6.602328106510337112e-08 1.000000000000000000e+00
1.419925819892361820e-07 1.000000000000000000e+00
8.168814632982947818e-08 1.000000000000000000e+00
3.951087297975802165e-08 1.000000000000000000e+00
-1.176486829562464056e-07 1.000000000000000000e+00
-1.622350556044550039e-07 1.000000000000000000e+00
1.240000562068802911e-06 1.000000000000000000e+00
2.623056162096961382e-07 1.000000000000000000e+00
1.825860984351065605e-08 1.000000000000000000e+00
1.058850941799007801e-07 1.000000000000000000e+00
-7.291756556673517522e-08 1.000000000000000000e+00
-9.424824275182662828e-09 1.000000000000000000e+00
3.017193798126200385e-08 1.000000000000000000e+00
-6.250558763419728589e-08 1.000000000000000000e+00
-1.154109293762801667e-07 1.000000000000000000e+00
-1.182246191996851677e-07 1.000000000000000000e+00
7.377224187380368279e-08 1.000000000000000000e+00
-6.379112511363974882e-08 1.000000000000000000e+00
8.669694766785758474e-08 1.000000000000000000e+00
8.329446056467917528e-09 1.000000000000000000e+00
-5.495778445326344899e-08 1.000000000000000000e+00
2.359957004790807908e-07 1.000000000000000000e+00
9.623381210557983086e-09 1.000000000000000000e+00
-1.923938701392698061e-08 1.000000000000000000e+00
9.640541209275446960e-08 1.000000000000000000e+00
9.586314861128194342e-08 1.000000000000000000e+00
1.278812571657041667e-07 1.000000000000000000e+00
-3.330218827178900669e-08 1.000000000000000000e+00
2.847901283080287646e-08 1.000000000000000000e+00
1.098354369867920705e-08 1.000000000000000000e+00
7.800503324683932720e-08 1.000000000000000000e+00
-7.898393816440590659e-08 1.000000000000000000e+00
-9.835425661943410642e-08 1.000000000000000000e+00
5.039583837494457834e-08 1.000000000000000000e+00
2.590800577568718581e-07 1.000000000000000000e+00
8.219102176220020008e-09 1.000000000000000000e+00
-7.325983352223362266e-08 1.000000000000000000e+00
2.576870134129702690e-07 1.000000000000000000e+00
-3.282231429974014026e-10 1.000000000000000000e+00
-8.471753682695207476e-08 1.000000000000000000e+00
-1.688101903222426686e-08 1.000000000000000000e+00
1.188816466801536047e-07 1.000000000000000000e+00
1.949175940513873002e-07 1.000000000000000000e+00
-1.647993012578585068e-07 1.000000000000000000e+00
-1.214016546888087607e-07 1.000000000000000000e+00
2.375490829999376853e-08 1.000000000000000000e+00
-6.456980090113825302e-08 1.000000000000000000e+00
1.872498135683412893e-07 1.000000000000000000e+00
-1.582958446604417997e-07 1.000000000000000000e+00
-1.382557197027791108e-07 1.000000000000000000e+00
6.190439715594851355e-08 1.000000000000000000e+00
6.596012571714600990e-08 1.000000000000000000e+00
6.711250852966503007e-08 1.000000000000000000e+00
-6.746823588108996939e-08 1.000000000000000000e+00
1.243437706765751149e-07 1.000000000000000000e+00
5.970537121848612695e-08 1.000000000000000000e+00
-2.215249398519839711e-07 1.000000000000000000e+00
4.720872131369690151e-08 1.000000000000000000e+00
-3.863885942577760573e-08 1.000000000000000000e+00
3.272319800798998720e-08 1.000000000000000000e+00
1.682145197640970166e-07 1.000000000000000000e+00
-1.384887872675783550e-07 1.000000000000000000e+00
1.490593018068511517e-07 1.000000000000000000e+00
-7.165904895868603322e-08 1.000000000000000000e+00
6.365019178534959485e-08 1.000000000000000000e+00
2.140082878859769299e-07 1.000000000000000000e+00
-2.314879956560424526e-08 1.000000000000000000e+00
-1.251864008216496084e-07 1.000000000000000000e+00
3.506080937870907997e-08 1.000000000000000000e+00
3.941886802373929089e-09 1.000000000000000000e+00
1.229680298307098736e-07 1.000000000000000000e+00
7.821665166206089270e-08 1.000000000000000000e+00
-1.615636448154018872e-07 1.000000000000000000e+00
-7.741718310205006602e-08 1.000000000000000000e+00
-3.828311478688996446e-08 1.000000000000000000e+00
-4.600169865186287160e-08 1.000000000000000000e+00
-1.879146394135373994e-08 1.000000000000000000e+00
2.375471693651177611e-08 1.000000000000000000e+00
6.943646040917639269e-08 1.000000000000000000e+00
-7.685732957352555554e-09 1.000000000000000000e+00
-3.067370631574663822e-07 1.000000000000000000e+00
3.797548654836160964e-08 1.000000000000000000e+00
-1.697298102367400946e-07 1.000000000000000000e+00
2.281122321164202773e-07 1.000000000000000000e+00
8.501313288326471609e-09 1.000000000000000000e+00
-6.791940349515055984e-08 1.000000000000000000e+00
4.826627634949219196e-08 1.000000000000000000e+00
-3.230082130892067651e-08 1.000000000000000000e+00
-5.358670940679283898e-08 1.000000000000000000e+00
1.252122902925387528e-07 1.000000000000000000e+00
-6.627975394924606663e-08 1.000000000000000000e+00
1.137087073359192762e-07 1.000000000000000000e+00
-2.157315063625291986e-08 1.000000000000000000e+00
3.447227105049354273e-08 1.000000000000000000e+00
-5.860892973458274522e-08 1.000000000000000000e+00
-3.760140140337237821e-09 1.000000000000000000e+00
1.534168144499636648e-07 1.000000000000000000e+00
1.561104285986208457e-07 1.000000000000000000e+00
6.800994607751284611e-08 1.000000000000000000e+00
-4.922691385951996990e-08 1.000000000000000000e+00
-3.830623334274970879e-08 1.000000000000000000e+00
1.025584601122598890e-08 1.000000000000000000e+00
-6.003173388789555246e-08 1.000000000000000000e+00
3.357815507602981408e-08 1.000000000000000000e+00
-7.400165310572271021e-08 1.000000000000000000e+00
1.125922106532748867e-09 1.000000000000000000e+00
-5.242171232988923054e-09 1.000000000000000000e+00
-9.875752111881206691e-08 1.000000000000000000e+00
-6.961176519827767712e-08 1.000000000000000000e+00
-2.179833700327005202e-07 1.000000000000000000e+00
8.487311958181624092e-08 1.000000000000000000e+00
-1.348786239013207796e-07 1.000000000000000000e+00
1.757459313920645103e-09 1.000000000000000000e+00
-1.300300401941662756e-08 1.000000000000000000e+00
-2.670973618407391206e-08 1.000000000000000000e+00
1.204414987033938606e-07 1.000000000000000000e+00
8.039756580954140287e-08 1.000000000000000000e+00
-3.018114199710080111e-08 1.000000000000000000e+00
-1.923206641068854374e-07 1.000000000000000000e+00
2.616098879091559302e-08 1.000000000000000000e+00
5.748450776035123495e-08 1.000000000000000000e+00
-9.781570192021079157e-08 1.000000000000000000e+00
1.042460626812983043e-07 1.000000000000000000e+00
-4.161352414171915208e-08 1.000000000000000000e+00
1.438276605248617357e-07 1.000000000000000000e+00
-4.566142139460844971e-08 1.000000000000000000e+00
3.933451626932931170e-08 1.000000000000000000e+00
1.470939366627783595e-07 1.000000000000000000e+00
-3.121196082186370964e-08 1.000000000000000000e+00
-1.224936950540104407e-08 1.000000000000000000e+00
1.282243403065609831e-07 1.000000000000000000e+00
-1.907313668948670682e-08 1.000000000000000000e+00
-2.743238948883518310e-08 1.000000000000000000e+00
-3.478771146236519382e-08 1.000000000000000000e+00
-5.466171709970491906e-08 1.000000000000000000e+00
-5.335883190848438458e-10 1.000000000000000000e+00
4.641669257176771286e-08 1.000000000000000000e+00
3.206081412397147610e-08 1.000000000000000000e+00
1.412140019662575066e-07 1.000000000000000000e+00
-3.058779417887396556e-08 1.000000000000000000e+00
8.969257354103213801e-08 1.000000000000000000e+00
4.174256183923599672e-09 1.000000000000000000e+00
-2.600008558975259743e-08 1.000000000000000000e+00
-1.206879811212166210e-07 1.000000000000000000e+00
9.264460305411440310e-08 1.000000000000000000e+00
7.379641582636863002e-08 1.000000000000000000e+00
-4.368782787297181086e-08 1.000000000000000000e+00
-3.522587475500068021e-08 1.000000000000000000e+00
7.265919812136370712e-08 1.000000000000000000e+00
3.197471909914077928e-08 1.000000000000000000e+00
1.145935945682121043e-07 1.000000000000000000e+00
2.390721298144030971e-07 1.000000000000000000e+00
-3.608528369076874506e-08 1.000000000000000000e+00
1.096840461921498073e-07 1.000000000000000000e+00
-3.917390658603342322e-08 1.000000000000000000e+00
-7.219169746605235219e-08 1.000000000000000000e+00
-7.571731695072127827e-08 1.000000000000000000e+00
2.165339678957422234e-07 1.000000000000000000e+00
-2.294163472750838981e-08 1.000000000000000000e+00
5.156241802852524697e-08 1.000000000000000000e+00
7.133937008461683772e-08 1.000000000000000000e+00
-3.557311305529396993e-08 1.000000000000000000e+00
3.368363865050986472e-08 1.000000000000000000e+00
-9.978137530686228453e-08 1.000000000000000000e+00
4.739737085226488745e-08 1.000000000000000000e+00
8.223571901141981309e-08 1.000000000000000000e+00
6.657869150860309799e-08 1.000000000000000000e+00
1.508340391411918997e-09 1.000000000000000000e+00
7.088408282796012869e-08 1.000000000000000000e+00
-1.322344902197347680e-07 1.000000000000000000e+00
5.732983776614146838e-08 1.000000000000000000e+00
-7.707966186319048501e-08 1.000000000000000000e+00
-1.636738749103445373e-08 1.000000000000000000e+00
6.114759670098977604e-09 1.000000000000000000e+00
1.132030652282149443e-08 1.000000000000000000e+00
1.015053056082564267e-07 1.000000000000000000e+00
2.946228013911400388e-08 1.000000000000000000e+00
1.048226794892999229e-07 1.000000000000000000e+00
-7.094704279001059671e-08 1.000000000000000000e+00
-1.889078655671681990e-08 1.000000000000000000e+00
6.565704278187698627e-08 1.000000000000000000e+00
-1.722850707741298800e-07 1.000000000000000000e+00
-6.210007288805199010e-08 1.000000000000000000e+00
-3.685546302108462222e-08 1.000000000000000000e+00
-1.866562782435753783e-08 1.000000000000000000e+00
-5.411147496279429268e-08 1.000000000000000000e+00
6.861085956456792988e-08 1.000000000000000000e+00
2.154412719849246505e-08 1.000000000000000000e+00
3.870113317323252938e-09 1.000000000000000000e+00
5.679926388197898461e-08 1.000000000000000000e+00
-1.514000482689714424e-08 1.000000000000000000e+00
-1.125973140755870760e-07 1.000000000000000000e+00
-2.715135344732323071e-08 1.000000000000000000e+00
8.700797402752988662e-08 1.000000000000000000e+00
-1.448949092644675773e-07 1.000000000000000000e+00
1.394344437138699401e-07 1.000000000000000000e+00
7.596582807416908166e-08 1.000000000000000000e+00
-1.491768296733874622e-07 1.000000000000000000e+00
-3.931051738308423798e-08 1.000000000000000000e+00
5.077078314949286351e-08 1.000000000000000000e+00
-9.507048798449052268e-08 1.000000000000000000e+00
1.200957047089919221e-08 1.000000000000000000e+00
8.060729754595157276e-08 1.000000000000000000e+00
-7.862768312933291402e-08 1.000000000000000000e+00
-6.554320296342668090e-08 1.000000000000000000e+00
6.490757571520941626e-08 1.000000000000000000e+00
6.104530711105252130e-08 1.000000000000000000e+00
1.100998431636382681e-07 1.000000000000000000e+00
1.819726231575188790e-08 1.000000000000000000e+00
1.064756442266295271e-07 1.000000000000000000e+00
-1.478944287772326726e-07 1.000000000000000000e+00
-2.204752538211549576e-08 1.000000000000000000e+00
-1.022138620311951980e-07 1.000000000000000000e+00
3.798301657738065223e-08 1.000000000000000000e+00
1.252523342888136804e-07 1.000000000000000000e+00
-6.814205886870657578e-08 1.000000000000000000e+00
-1.145999737015662768e-07 1.000000000000000000e+00
2.720652312416542503e-07 1.000000000000000000e+00
-4.399193868192993489e-08 1.000000000000000000e+00
-9.353728671738448715e-08 1.000000000000000000e+00
1.911374519535630578e-07 1.000000000000000000e+00
-1.051533919884258055e-07 1.000000000000000000e+00
3.060674607698833581e-08 1.000000000000000000e+00
1.165154529625385421e-08 1.000000000000000000e+00
4.423720637655410382e-09 1.000000000000000000e+00
-1.150067892087512907e-07 1.000000000000000000e+00
1.917309529640175107e-07 1.000000000000000000e+00
4.440179465193315852e-08 1.000000000000000000e+00
-8.218963360730921847e-08 1.000000000000000000e+00
1.647374563072894989e-08 1.000000000000000000e+00
-3.262010035419655029e-08 1.000000000000000000e+00
-9.781440549879842435e-08 1.000000000000000000e+00
8.249269437185577334e-08 1.000000000000000000e+00
1.792779821685591461e-07 1.000000000000000000e+00
-2.257956901144143844e-07 1.000000000000000000e+00
-1.244170006876930747e-07 1.000000000000000000e+00
4.395210658542119283e-08 1.000000000000000000e+00
6.139252519467945527e-08 1.000000000000000000e+00
-2.048289836825927553e-07 1.000000000000000000e+00
-6.612471813269534867e-08 1.000000000000000000e+00
-1.879892479539724444e-07 1.000000000000000000e+00
5.672289523195816014e-08 1.000000000000000000e+00
5.455121151587155397e-08 1.000000000000000000e+00
-3.446912574031333985e-08 1.000000000000000000e+00
5.999769243940415157e-08 1.000000000000000000e+00
2.401381216597737007e-07 1.000000000000000000e+00
1.008234177151387665e-07 1.000000000000000000e+00
1.635486022361110062e-07 1.000000000000000000e+00
-7.714295065150143502e-08 1.000000000000000000e+00
1.179513231325304300e-08 1.000000000000000000e+00
-5.844094094834559299e-08 1.000000000000000000e+00
1.082490941215641326e-07 1.000000000000000000e+00
-1.019992800449700733e-07 1.000000000000000000e+00
1.835258621906245802e-07 1.000000000000000000e+00
-8.152707181877464984e-08 1.000000000000000000e+00
-4.767517186023851515e-08 1.000000000000000000e+00
-4.690234199954644880e-08 1.000000000000000000e+00
3.032335529684301098e-08 1.000000000000000000e+00
7.991461657227161361e-08 1.000000000000000000e+00
1.198969144118580021e-07 1.000000000000000000e+00
1.167453421321280084e-07 1.000000000000000000e+00
9.176924784472222686e-09 1.000000000000000000e+00
3.307221080190883604e-08 1.000000000000000000e+00
-1.465662387328478371e-08 1.000000000000000000e+00
5.412550724377988336e-08 1.000000000000000000e+00
-4.982239097342153212e-08 1.000000000000000000e+00
2.886231277268434989e-08 1.000000000000000000e+00
-9.465693792623991957e-08 1.000000000000000000e+00
-1.536831631190172838e-08 1.000000000000000000e+00
7.603595001904799486e-08 1.000000000000000000e+00
1.523851763963362195e-07 1.000000000000000000e+00
-6.900977367874772783e-09 1.000000000000000000e+00
-6.872915902064341113e-08 1.000000000000000000e+00
-2.663470952517824989e-07 1.000000000000000000e+00
3.665330986282482433e-08 1.000000000000000000e+00
5.055003143165785584e-08 1.000000000000000000e+00
7.477599437980852677e-08 1.000000000000000000e+00
1.345955855414995338e-07 1.000000000000000000e+00
-3.069863569807770552e-08 1.000000000000000000e+00
1.744245734563421384e-07 1.000000000000000000e+00
7.475382333165367466e-08 1.000000000000000000e+00
1.987060228504588181e-08 1.000000000000000000e+00
2.583520586246924977e-07 1.000000000000000000e+00
-1.508585780817170194e-08 1.000000000000000000e+00
-4.088663117998023965e-08 1.000000000000000000e+00
1.613510314009703425e-07 1.000000000000000000e+00
-1.855813413648969419e-07 1.000000000000000000e+00
3.835422229366391521e-07 1.000000000000000000e+00
-3.681628939573182731e-07 1.000000000000000000e+00
6.183350894845885447e-08 1.000000000000000000e+00
9.521291878237188208e-08 1.000000000000000000e+00
2.139542807121814321e-07 1.000000000000000000e+00
3.803578463151422286e-08 1.000000000000000000e+00
-1.374090799197427635e-07 1.000000000000000000e+00
-1.381337796605060256e-07 1.000000000000000000e+00
7.511942997953441074e-08 1.000000000000000000e+00
1.460231041748940966e-09 1.000000000000000000e+00
-5.347559013395093200e-08 1.000000000000000000e+00
-7.979364058410900772e-08 1.000000000000000000e+00
1.782694644099021482e-08 1.000000000000000000e+00
-2.349251865050622486e-08 1.000000000000000000e+00
4.453748622248785440e-08 1.000000000000000000e+00
6.124655452891850326e-08 1.000000000000000000e+00
-3.134279427233857450e-08 1.000000000000000000e+00
-1.654873498837615137e-07 1.000000000000000000e+00
-8.161990377688733431e-08 1.000000000000000000e+00
9.719440028144229912e-08 1.000000000000000000e+00
1.651355513917820034e-07 1.000000000000000000e+00
-5.923370771594820171e-08 1.000000000000000000e+00
-1.574600285931108703e-07 1.000000000000000000e+00
8.730652658910200810e-08 1.000000000000000000e+00
-9.023557354170869925e-08 1.000000000000000000e+00
-1.234436764651764849e-07 1.000000000000000000e+00
-7.349440503638854493e-08 1.000000000000000000e+00
8.863686516885412695e-08 1.000000000000000000e+00
-3.527735751986823508e-08 1.000000000000000000e+00
-4.975771837912604844e-08 1.000000000000000000e+00
1.005803546487869953e-07 1.000000000000000000e+00
-6.127029225736552727e-08 1.000000000000000000e+00
-2.319873827120580162e-07 1.000000000000000000e+00
5.908945502315184239e-08 1.000000000000000000e+00
-1.283677793791490144e-07 1.000000000000000000e+00
-1.086080987936467638e-07 1.000000000000000000e+00
8.273831166370511919e-08 1.000000000000000000e+00
-1.726549945445210176e-07 1.000000000000000000e+00
6.523012118243788757e-07 1.000000000000000000e+00
1.449128734038762789e-07 1.000000000000000000e+00
-8.623533942932799626e-08 1.000000000000000000e+00
2.650139813909258524e-08 1.000000000000000000e+00
1.500919559625779032e-08 1.000000000000000000e+00
4.667167531346522985e-08 1.000000000000000000e+00
3.155693868222212965e-07 1.000000000000000000e+00
-1.426544719032966568e-09 1.000000000000000000e+00
1.531685028694110879e-07 1.000000000000000000e+00
6.292457475250774221e-08 1.000000000000000000e+00
4.337069581808684411e-08 1.000000000000000000e+00
-1.279993901621866316e-07 1.000000000000000000e+00
1.731335969371345259e-07 1.000000000000000000e+00
-1.755870603973014741e-08 1.000000000000000000e+00
-2.328836404972252017e-07 1.000000000000000000e+00
-1.645101129897685517e-07 1.000000000000000000e+00
-7.465719874095751077e-08 1.000000000000000000e+00
2.533938846489531562e-07 1.000000000000000000e+00
-3.635383460204158121e-09 1.000000000000000000e+00
-2.365086143383417983e-07 1.000000000000000000e+00
-9.515426757063793924e-08 1.000000000000000000e+00
-1.215504248938790600e-07 1.000000000000000000e+00
1.534911708397650231e-08 1.000000000000000000e+00
1.456775601417673597e-08 1.000000000000000000e+00
1.176245937759788361e-07 1.000000000000000000e+00
-1.157359710090342405e-07 1.000000000000000000e+00
8.777025506811806835e-08 1.000000000000000000e+00
1.282959818889889608e-07 1.000000000000000000e+00
1.382361107633808963e-07 1.000000000000000000e+00
-1.252660705402769419e-07 1.000000000000000000e+00
1.977891226063792578e-07 1.000000000000000000e+00
6.213935990996687655e-08 1.000000000000000000e+00
-1.371375227211322795e-07 1.000000000000000000e+00
6.548924582423186620e-08 1.000000000000000000e+00
-2.677789370697418755e-07 1.000000000000000000e+00
2.849478770357494048e-08 1.000000000000000000e+00
3.669567617348413173e-07 1.000000000000000000e+00
-9.929073011699565703e-08 1.000000000000000000e+00
1.089612625923192109e-07 1.000000000000000000e+00
-1.122012593579527220e-07 1.000000000000000000e+00
-2.542348080048249559e-07 1.000000000000000000e+00
-6.937821733412578521e-08 1.000000000000000000e+00
1.368246037613195113e-07 1.000000000000000000e+00
1.174927093683251520e-07 1.000000000000000000e+00
5.877080751816474116e-08 1.000000000000000000e+00
1.500229745545579277e-07 1.000000000000000000e+00
-9.748039705741051098e-08 1.000000000000000000e+00
-1.781445338792080874e-07 1.000000000000000000e+00
-1.339420585276358757e-07 1.000000000000000000e+00
-1.702495243917235945e-07 1.000000000000000000e+00
1.283917240076318269e-07 1.000000000000000000e+00
4.629590814504773860e-08 1.000000000000000000e+00
-2.980806637142276202e-08 1.000000000000000000e+00
1.786512732272140871e-07 1.000000000000000000e+00
5.349629451553244778e-08 1.000000000000000000e+00
-6.938798288545790860e-08 1.000000000000000000e+00
1.334083259249106423e-08 1.000000000000000000e+00
-2.440479320708136029e-08 1.000000000000000000e+00
-2.223516919472947505e-07 1.000000000000000000e+00
8.028798425608362203e-08 1.000000000000000000e+00
2.169598765699020695e-08 1.000000000000000000e+00
-6.697014650660856315e-08 1.000000000000000000e+00
5.363120590058436346e-08 1.000000000000000000e+00
1.903073298293073935e-07 1.000000000000000000e+00
2.220300565612994403e-08 1.000000000000000000e+00
4.001510351900186354e-09 1.000000000000000000e+00
-3.408573705499183781e-08 1.000000000000000000e+00
1.173927686559021364e-07 1.000000000000000000e+00
-1.599274869450536540e-07 1.000000000000000000e+00
-7.522081948461837409e-08 1.000000000000000000e+00
5.668818443161590545e-08 1.000000000000000000e+00
-3.565309164484005590e-08 1.000000000000000000e+00
1.185238185270001014e-07 1.000000000000000000e+00
2.688055289925259174e-08 1.000000000000000000e+00
2.340920196189402546e-07 1.000000000000000000e+00
-6.607700969122289220e-09 1.000000000000000000e+00
1.144577771353492707e-08 1.000000000000000000e+00
7.346951822881748764e-09 1.000000000000000000e+00
7.104320256004487157e-08 1.000000000000000000e+00
-6.255651172086493657e-08 1.000000000000000000e+00
1.585120616963665579e-07 1.000000000000000000e+00
-8.452467678613903411e-08 1.000000000000000000e+00
2.491285580612302896e-08 1.000000000000000000e+00
4.839604750446212884e-08 1.000000000000000000e+00
6.520753619157186174e-08 1.000000000000000000e+00
3.425113544931239895e-08 1.000000000000000000e+00
-2.472434609141447708e-08 1.000000000000000000e+00
5.858080933973151706e-08 1.000000000000000000e+00
1.543968613903294595e-07 1.000000000000000000e+00
-7.150529506915149399e-08 1.000000000000000000e+00
-4.292834425465876430e-08 1.000000000000000000e+00
-3.098672860024493908e-08 1.000000000000000000e+00
-5.162822433918324900e-08 1.000000000000000000e+00
3.188907149447373520e-08 1.000000000000000000e+00
-1.287008934001394422e-10 1.000000000000000000e+00
-7.865257830743614113e-09 1.000000000000000000e+00
5.917550736049422297e-08 1.000000000000000000e+00
3.976643566194862157e-08 1.000000000000000000e+00
1.133206960489641640e-07 1.000000000000000000e+00
-2.942593541637974199e-08 1.000000000000000000e+00
4.124948556442412513e-09 1.000000000000000000e+00
-2.448200381426586886e-07 1.000000000000000000e+00
5.644640646745447975e-08 1.000000000000000000e+00
1.716922710012179045e-07 1.000000000000000000e+00
6.939740950268842878e-08 1.000000000000000000e+00
8.075176005715125550e-08 1.000000000000000000e+00
7.475422092199644790e-08 1.000000000000000000e+00
1.531867331492016158e-07 1.000000000000000000e+00
1.180711508829958755e-07 1.000000000000000000e+00
-2.954921937657990153e-07 1.000000000000000000e+00
-1.254411453134140999e-08 1.000000000000000000e+00
-1.609466929810816679e-08 1.000000000000000000e+00
7.442288732866362430e-08 1.000000000000000000e+00
-5.764948264570435654e-09 1.000000000000000000e+00
1.029284408356900791e-07 1.000000000000000000e+00
1.742996751182248929e-07 1.000000000000000000e+00
-1.369651837176711751e-07 1.000000000000000000e+00
2.113503293813784893e-07 1.000000000000000000e+00
-1.715927012168146999e-07 1.000000000000000000e+00
5.791761822997186075e-09 1.000000000000000000e+00
-7.933441105039461847e-08 1.000000000000000000e+00
-3.855312672050707814e-08 1.000000000000000000e+00
1.589951131715651619e-07 1.000000000000000000e+00
-6.030513144556069972e-08 1.000000000000000000e+00
9.477833073451509832e-08 1.000000000000000000e+00
-1.202744819191140548e-07 1.000000000000000000e+00
3.594703103595895488e-08 1.000000000000000000e+00
1.938395450292702405e-07 1.000000000000000000e+00
3.266149786192616300e-09 1.000000000000000000e+00
-1.571973493927140974e-08 1.000000000000000000e+00
5.126501200699129082e-08 1.000000000000000000e+00
1.293753100563720725e-07 1.000000000000000000e+00
-4.265887933940736342e-07 1.000000000000000000e+00
-3.248151243483639654e-08 1.000000000000000000e+00
3.122468301729119481e-09 1.000000000000000000e+00
-2.194635524534076328e-07 1.000000000000000000e+00
6.404653573862608240e-08 1.000000000000000000e+00
9.431559437482584865e-08 1.000000000000000000e+00
8.875932307795125228e-08 1.000000000000000000e+00
-3.284870479974738854e-09 1.000000000000000000e+00
-4.662772228124404508e-08 1.000000000000000000e+00
-1.735214189523039920e-07 1.000000000000000000e+00
6.500264950564562240e-08 1.000000000000000000e+00
1.133224142521234267e-07 1.000000000000000000e+00
-3.035382590574404552e-08 1.000000000000000000e+00
-8.242476453841542365e-08 1.000000000000000000e+00
9.551044893540800752e-08 1.000000000000000000e+00
1.166054169460022831e-08 1.000000000000000000e+00
-9.396307928819292933e-08 1.000000000000000000e+00
-6.602260532226140550e-08 1.000000000000000000e+00
7.616821375189783555e-08 1.000000000000000000e+00
-3.876747516991989294e-08 1.000000000000000000e+00
-3.310357923561804781e-08 1.000000000000000000e+00
-4.361677898384098547e-08 1.000000000000000000e+00
-1.305149601746452648e-07 1.000000000000000000e+00
7.559853496489669963e-08 1.000000000000000000e+00
1.575742248538560861e-07 1.000000000000000000e+00
-1.069364463513706561e-07 1.000000000000000000e+00
-3.732908626969633983e-08 1.000000000000000000e+00
6.092763651750735671e-08 1.000000000000000000e+00
-1.055031175208515866e-07 1.000000000000000000e+00
5.984432123140305123e-08 1.000000000000000000e+00
-1.153095755673743773e-07 1.000000000000000000e+00
-6.207401471393928395e-08 1.000000000000000000e+00
5.644968311857131893e-08 1.000000000000000000e+00
-1.890332863524278384e-08 1.000000000000000000e+00
-2.131400735884255711e-08 1.000000000000000000e+00
2.006629266516876922e-08 1.000000000000000000e+00
2.759853944015357032e-08 1.000000000000000000e+00
-1.620935481924393710e-08 1.000000000000000000e+00
6.128889289735819791e-08 1.000000000000000000e+00
4.584638763501016484e-08 1.000000000000000000e+00
5.495760257011372349e-08 1.000000000000000000e+00
7.064476080995736014e-08 1.000000000000000000e+00
5.128825029176632471e-08 1.000000000000000000e+00
-1.815276354582241073e-08 1.000000000000000000e+00
-7.193897083234950227e-08 1.000000000000000000e+00
-2.669091562015892768e-08 1.000000000000000000e+00
-8.968420728877890703e-09 1.000000000000000000e+00
-2.488552691785944653e-08 1.000000000000000000e+00
-5.625398975490743548e-08 1.000000000000000000e+00
7.377470439754905948e-08 1.000000000000000000e+00
6.182861104397451852e-08 1.000000000000000000e+00
8.075813683212406022e-08 1.000000000000000000e+00
