7.753637822054097617e-07 1.000000000000000000e+00
-3.934033967912631858e-07 1.000000000000000000e+00
-8.692003474131739524e-07 1.000000000000000000e+00
4.137392129655559892e-07 1.000000000000000000e+00
-1.634793541550428343e-07 1.000000000000000000e+00
-3.256901941762072843e-06 1.000000000000000000e+00
9.140823019819414984e-07 1.000000000000000000e+00
9.214459298670125868e-07 1.000000000000000000e+00
2.336305430905956721e-07 1.000000000000000000e+00
-4.518248450270196302e-06 1.000000000000000000e+00
-3.315625176480637009e-07 1.000000000000000000e+00
-1.407625783706469221e-06 1.000000000000000000e+00
2.304531783715461479e-07 1.000000000000000000e+00
-1.559522992417560805e-06 1.000000000000000000e+00
-8.358294779746109283e-07 1.000000000000000000e+00
-6.121115764168881953e-08 1.000000000000000000e+00
1.041759063018675139e-06 1.000000000000000000e+00
3.697490858355050952e-07 1.000000000000000000e+00
-2.519359760057348476e-06 1.000000000000000000e+00
-5.982556800365703407e-07 1.000000000000000000e+00
-1.531256181965719871e-06 1.000000000000000000e+00
-3.448771243723922631e-07 1.000000000000000000e+00
7.151855020425079011e-07 1.000000000000000000e+00
3.210731154506720582e-07 1.000000000000000000e+00
4.535764795692446293e-07 1.000000000000000000e+00
-2.648960985986304008e-07 1.000000000000000000e+00
1.001015233173313865e-06 1.000000000000000000e+00
-1.747389347859209885e-07 1.000000000000000000e+00
-8.299157124581383290e-07 1.000000000000000000e+00
5.610715974994546750e-07 1.000000000000000000e+00
-1.985458320352408150e-07 1.000000000000000000e+00
6.130176820696490169e-06 1.000000000000000000e+00
1.215986606009710804e-06 1.000000000000000000e+00
4.435923879144878390e-07 1.000000000000000000e+00
-5.966402633280750267e-08 1.000000000000000000e+00
1.054953983545144769e-07 1.000000000000000000e+00
1.294694538494387249e-06 1.000000000000000000e+00
-3.850983983713747528e-08 1.000000000000000000e+00
-7.884516866421280780e-07 1.000000000000000000e+00
4.188858258479651699e-07 1.000000000000000000e+00
-5.410407797942966359e-08 1.000000000000000000e+00
6.010553138357916041e-07 1.000000000000000000e+00
-1.952390610185002601e-07 1.000000000000000000e+00
1.966455031375377654e-07 1.000000000000000000e+00
-7.759266221003116392e-07 1.000000000000000000e+00
-8.483756902306623312e-07 1.000000000000000000e+00
-3.317386756276037575e-07 1.000000000000000000e+00
-1.548734517994489365e-06 1.000000000000000000e+00
-2.014277241204803943e-06 1.000000000000000000e+00
-4.744921206496096015e-07 1.000000000000000000e+00
7.148601215229128244e-07 1.000000000000000000e+00
-8.050772099482156323e-07 1.000000000000000000e+00
-3.013723050270577279e-07 1.000000000000000000e+00
5.015037399548534600e-07 1.000000000000000000e+00
-6.600971866552804618e-07 1.000000000000000000e+00
4.948489279818069398e-07 1.000000000000000000e+00
-2.175718702353134977e-07 1.000000000000000000e+00
-5.272290159782714021e-07 1.000000000000000000e+00
4.787525734609012109e-07 1.000000000000000000e+00
9.915870757754268775e-07 1.000000000000000000e+00
1.603999586868980203e-06 1.000000000000000000e+00
-7.347932435887989543e-07 1.000000000000000000e+00
-3.518142979126872072e-07 1.000000000000000000e+00
8.843381122117620717e-07 1.000000000000000000e+00
-4.778722252145231126e-07 1.000000000000000000e+00
-3.191020607786200021e-07 1.000000000000000000e+00
1.089486489487447046e-06 1.000000000000000000e+00
-1.119581035681365975e-06 1.000000000000000000e+00
-3.945250130432338205e-07 1.000000000000000000e+00
-2.596950071764251799e-07 1.000000000000000000e+00
5.998347204711386918e-07 1.000000000000000000e+00
6.071040950336150403e-07 1.000000000000000000e+00
-3.582164179110565284e-07 1.000000000000000000e+00
-8.655279561993813837e-07 1.000000000000000000e+00
3.780541606193379738e-07 1.000000000000000000e+00
1.607614347348036229e-06 1.000000000000000000e+00
-1.072510740502743804e-06 1.000000000000000000e+00
-3.446609471698971916e-07 1.000000000000000000e+00
-3.441708166620180680e-07 1.000000000000000000e+00
-2.011304799146552259e-08 1.000000000000000000e+00
-1.222549335850102405e-07 1.000000000000000000e+00
5.478913212162613208e-07 1.000000000000000000e+00
-1.002460987013728258e-06 1.000000000000000000e+00
1.725817706589991133e-07 1.000000000000000000e+00
-2.108153550315718721e-07 1.000000000000000000e+00
-3.073759517825184379e-08 1.000000000000000000e+00
-3.951146026684810095e-07 1.000000000000000000e+00
-3.434659585671135388e-07 1.000000000000000000e+00
1.013330684738012847e-06 1.000000000000000000e+00
4.087764140228561782e-07 1.000000000000000000e+00
1.871694641209412538e-06 1.000000000000000000e+00
-3.541796557433166530e-07 1.000000000000000000e+00
-6.619239840260089275e-07 1.000000000000000000e+00
-2.984110672794734281e-07 1.000000000000000000e+00
-3.888132262134021175e-07 1.000000000000000000e+00
-6.270543374163993350e-07 1.000000000000000000e+00
-9.392381668660767916e-07 1.000000000000000000e+00
1.916797211961781512e-06 1.000000000000000000e+00
-2.392133134772806557e-07 1.000000000000000000e+00
7.152773180773030279e-07 1.000000000000000000e+00
4.166931209616863704e-07 1.000000000000000000e+00
-4.001139700443507004e-07 1.000000000000000000e+00
-3.546210724423706918e-07 1.000000000000000000e+00
1.124430761238283152e-06 1.000000000000000000e+00
1.013053641355347852e-06 1.000000000000000000e+00
2.494291054514489865e-06 1.000000000000000000e+00
-2.539753254083262452e-07 1.000000000000000000e+00
-6.374690892440144500e-07 1.000000000000000000e+00
-8.762980470724214109e-07 1.000000000000000000e+00
-2.147382013177309406e-07 1.000000000000000000e+00
2.374334908025817269e-07 1.000000000000000000e+00
-2.404511789159239872e-07 1.000000000000000000e+00
-4.218227240816348610e-08 1.000000000000000000e+00
8.860104131936728592e-07 1.000000000000000000e+00
7.549944420001331225e-07 1.000000000000000000e+00
4.906627911964052755e-07 1.000000000000000000e+00
8.959067080810916020e-07 1.000000000000000000e+00
2.496506633739852543e-07 1.000000000000000000e+00
-2.616001227663251391e-07 1.000000000000000000e+00
5.636576389150950763e-07 1.000000000000000000e+00
4.331894330367431091e-07 1.000000000000000000e+00
-6.228051707536055625e-08 1.000000000000000000e+00
3.238161063599134115e-07 1.000000000000000000e+00
9.645628720708583741e-07 1.000000000000000000e+00
-7.341533133014794011e-07 1.000000000000000000e+00
1.118605301373799488e-06 1.000000000000000000e+00
-3.150058098047672246e-07 1.000000000000000000e+00
-1.632394302360426399e-06 1.000000000000000000e+00
1.206759918017880820e-07 1.000000000000000000e+00
1.210333835158167839e-06 1.000000000000000000e+00
-1.187260492551920544e-07 1.000000000000000000e+00
-1.913763810809951283e-07 1.000000000000000000e+00
7.312209125238390876e-07 1.000000000000000000e+00
4.235349176045463441e-07 1.000000000000000000e+00
-1.814598137246424782e-07 1.000000000000000000e+00
-3.831741426935975076e-08 1.000000000000000000e+00
8.681641558735026184e-07 1.000000000000000000e+00
3.685949258347949279e-07 1.000000000000000000e+00
-7.614907585645777357e-08 1.000000000000000000e+00
3.344023329701449168e-07 1.000000000000000000e+00
-4.554174177917354649e-09 1.000000000000000000e+00
-1.521516948282659581e-06 1.000000000000000000e+00
-3.270143043872635795e-07 1.000000000000000000e+00
4.402261225396603939e-07 1.000000000000000000e+00
-1.782349800951515796e-08 1.000000000000000000e+00
6.948310296156716244e-07 1.000000000000000000e+00
-1.650907982460250271e-06 1.000000000000000000e+00
-7.821934838472321059e-08 1.000000000000000000e+00
2.708799641792274469e-06 1.000000000000000000e+00
5.284381187330581937e-06 1.000000000000000000e+00
-9.821539011588310186e-07 1.000000000000000000e+00
1.727627432078221047e-05 1.000000000000000000e+00
6.059478860626161471e-08 1.000000000000000000e+00
-3.439924660172197534e-07 1.000000000000000000e+00
1.221946562349973248e-05 1.000000000000000000e+00
-4.324460326220122823e-07 1.000000000000000000e+00
2.743602815773123682e-08 1.000000000000000000e+00
2.632428125189113389e-07 1.000000000000000000e+00
-8.427744702201088543e-07 1.000000000000000000e+00
3.615268233390491157e-08 1.000000000000000000e+00
-1.295682187272370020e-06 1.000000000000000000e+00
-6.149509262616734730e-07 1.000000000000000000e+00
2.065421107481428031e-07 1.000000000000000000e+00
3.593787154228683644e-07 1.000000000000000000e+00
-1.181110588242812035e-06 1.000000000000000000e+00
-6.920047413382563028e-08 1.000000000000000000e+00
-4.505883869015578694e-07 1.000000000000000000e+00
-1.967261011853705783e-06 1.000000000000000000e+00
5.795664992009190209e-07 1.000000000000000000e+00
-1.145883573156184966e-06 1.000000000000000000e+00
5.917524698767819386e-06 1.000000000000000000e+00
1.003612203743981395e-05 1.000000000000000000e+00
3.220240440299645049e-07 1.000000000000000000e+00
-1.053589710421101695e-06 1.000000000000000000e+00
2.195754282845316779e-07 1.000000000000000000e+00
1.831070069190150092e-06 1.000000000000000000e+00
1.577165164866634614e-08 1.000000000000000000e+00
3.580286457226241282e-07 1.000000000000000000e+00
-2.157146972600176409e-06 1.000000000000000000e+00
-2.522430392934859578e-06 1.000000000000000000e+00
-2.078042575196598533e-07 1.000000000000000000e+00
-1.747584627915581032e-06 1.000000000000000000e+00
5.927463485110624484e-08 1.000000000000000000e+00
-7.902553980058498667e-08 1.000000000000000000e+00
2.257016498651789231e-07 1.000000000000000000e+00
-7.309310360022492899e-07 1.000000000000000000e+00
-1.330461872823037964e-06 1.000000000000000000e+00
7.054061019527483297e-07 1.000000000000000000e+00
-4.951535188210407750e-07 1.000000000000000000e+00
-1.525960409693415411e-06 1.000000000000000000e+00
6.846962078890630285e-07 1.000000000000000000e+00
1.207449662568977039e-06 1.000000000000000000e+00
-7.144011548768432613e-07 1.000000000000000000e+00
8.838676218565373836e-07 1.000000000000000000e+00
-6.288482734212287908e-06 1.000000000000000000e+00
2.781857465245408810e-07 1.000000000000000000e+00
-1.429719853798849494e-07 1.000000000000000000e+00
-3.532102764724254566e-06 1.000000000000000000e+00
1.792652357738159013e-06 1.000000000000000000e+00
5.373395507785171154e-07 1.000000000000000000e+00
6.343219467784316395e-07 1.000000000000000000e+00
4.895793645482112011e-07 1.000000000000000000e+00
6.702633701222019364e-07 1.000000000000000000e+00
1.900511487666826380e-06 1.000000000000000000e+00
-1.553963665593139566e-06 1.000000000000000000e+00
-2.014170055213207752e-07 1.000000000000000000e+00
5.739251369893319837e-07 1.000000000000000000e+00
-3.107331949237151803e-07 1.000000000000000000e+00
-3.693807148396814280e-07 1.000000000000000000e+00
-1.508139020408618324e-06 1.000000000000000000e+00
-8.818621638747947115e-07 1.000000000000000000e+00
4.127693328271937102e-07 1.000000000000000000e+00
2.855938180662649470e-08 1.000000000000000000e+00
5.859049855178017786e-07 1.000000000000000000e+00
4.375581913112449541e-08 1.000000000000000000e+00
2.522048803376180045e-08 1.000000000000000000e+00
1.538529266539659339e-06 1.000000000000000000e+00
5.405917245403981321e-07 1.000000000000000000e+00
-9.467606659468658575e-07 1.000000000000000000e+00
-3.495962192146501690e-07 1.000000000000000000e+00
-9.990381292340673048e-08 1.000000000000000000e+00
-1.488636187119019888e-06 1.000000000000000000e+00
-1.629286635601431214e-06 1.000000000000000000e+00
-8.104696594135691944e-07 1.000000000000000000e+00
5.718758582317500866e-07 1.000000000000000000e+00
1.266807034458670234e-06 1.000000000000000000e+00
-1.276786850210419443e-06 1.000000000000000000e+00
-4.318203219536318960e-07 1.000000000000000000e+00
-6.547023435884490171e-07 1.000000000000000000e+00
-7.053479557788918131e-08 1.000000000000000000e+00
-7.068498372985796409e-07 1.000000000000000000e+00
3.307458371876578798e-07 1.000000000000000000e+00
8.898259507666336856e-07 1.000000000000000000e+00
-7.260430284339605296e-07 1.000000000000000000e+00
1.136857150457326073e-06 1.000000000000000000e+00
4.852250743257598017e-07 1.000000000000000000e+00
-4.550585131236963561e-07 1.000000000000000000e+00
-6.316510822906749488e-07 1.000000000000000000e+00
-1.126820881133977313e-06 1.000000000000000000e+00
2.918720727068976834e-08 1.000000000000000000e+00
1.527650357961420746e-06 1.000000000000000000e+00
6.798260354768261169e-07 1.000000000000000000e+00
6.864140683804664508e-08 1.000000000000000000e+00
-5.035948393466513593e-07 1.000000000000000000e+00
-2.446378948111648434e-07 1.000000000000000000e+00
-1.650810344556726778e-06 1.000000000000000000e+00
7.760334761977900854e-08 1.000000000000000000e+00
-1.074477678979486419e-06 1.000000000000000000e+00
6.395946151635210179e-07 1.000000000000000000e+00
1.109934741746455070e-06 1.000000000000000000e+00
-7.363681392816124033e-07 1.000000000000000000e+00
2.853693952003873450e-07 1.000000000000000000e+00
-1.661114654060339951e-07 1.000000000000000000e+00
-8.699207497532795431e-07 1.000000000000000000e+00
-7.435819991679343309e-07 1.000000000000000000e+00
2.109401299849786085e-08 1.000000000000000000e+00
6.731627316983120482e-07 1.000000000000000000e+00
-3.381996563397976235e-08 1.000000000000000000e+00
-3.111448408471795896e-07 1.000000000000000000e+00
-1.173335780197046375e-06 1.000000000000000000e+00
7.288433940203510090e-07 1.000000000000000000e+00
-1.557244762282285220e-06 1.000000000000000000e+00
-1.369078155216381877e-07 1.000000000000000000e+00
-4.709503409246959500e-07 1.000000000000000000e+00
3.940526681862825049e-07 1.000000000000000000e+00
1.670790855560058740e-06 1.000000000000000000e+00
-1.355109041235872237e-06 1.000000000000000000e+00
-2.279377436944596091e-07 1.000000000000000000e+00
1.333012440493981787e-06 1.000000000000000000e+00
8.410255574218806785e-07 1.000000000000000000e+00
-6.410756249221911090e-07 1.000000000000000000e+00
-5.079944112900354081e-07 1.000000000000000000e+00
9.922521735244572335e-07 1.000000000000000000e+00
3.694008207695880060e-07 1.000000000000000000e+00
7.242655365942075020e-07 1.000000000000000000e+00
2.169914066945491804e-08 1.000000000000000000e+00
-3.551844258430745431e-07 1.000000000000000000e+00
7.203033705798395342e-07 1.000000000000000000e+00
4.943745970392691344e-07 1.000000000000000000e+00
-6.281168751611976577e-07 1.000000000000000000e+00
-1.331972169337960708e-06 1.000000000000000000e+00
4.993410934837798148e-07 1.000000000000000000e+00
-6.800506116073852484e-07 1.000000000000000000e+00
8.352727010509072543e-07 1.000000000000000000e+00
-1.023550994514774251e-06 1.000000000000000000e+00
6.136107320450740197e-07 1.000000000000000000e+00
1.351962156730258050e-07 1.000000000000000000e+00
1.417578142334436879e-07 1.000000000000000000e+00
7.828666323267754974e-07 1.000000000000000000e+00
-4.576235253042878178e-07 1.000000000000000000e+00
8.114862013937231543e-07 1.000000000000000000e+00
8.012285141996445189e-08 1.000000000000000000e+00
-2.963402394930037069e-07 1.000000000000000000e+00
-3.969523296013223962e-07 1.000000000000000000e+00
6.712110338738110748e-07 1.000000000000000000e+00
-1.319687385785924520e-06 1.000000000000000000e+00
4.712336288606810801e-07 1.000000000000000000e+00
-2.056002992449421959e-07 1.000000000000000000e+00
-3.770406248774245758e-07 1.000000000000000000e+00
-4.729884950388242404e-08 1.000000000000000000e+00
4.785238795870688099e-08 1.000000000000000000e+00
-8.259770052585593781e-07 1.000000000000000000e+00
1.861125278900185972e-07 1.000000000000000000e+00
-1.567549408690237991e-07 1.000000000000000000e+00
2.133476645611532505e-07 1.000000000000000000e+00
2.330458756090394574e-07 1.000000000000000000e+00
-4.109435678105940345e-07 1.000000000000000000e+00
1.768784005632654424e-06 1.000000000000000000e+00
1.310764608801222261e-08 1.000000000000000000e+00
2.045866137392240263e-07 1.000000000000000000e+00
2.567452176273048717e-08 1.000000000000000000e+00
2.380972192570641678e-07 1.000000000000000000e+00
-3.819911041626995336e-08 1.000000000000000000e+00
-6.815153906925739319e-07 1.000000000000000000e+00
-2.711201866642463556e-07 1.000000000000000000e+00
5.348088140529074199e-07 1.000000000000000000e+00
-4.053743644343927317e-07 1.000000000000000000e+00
6.852989018209034226e-07 1.000000000000000000e+00
4.831806223915369524e-07 1.000000000000000000e+00
1.452518036779828568e-06 1.000000000000000000e+00
-1.044141998083223157e-07 1.000000000000000000e+00
-3.247254466874728190e-07 1.000000000000000000e+00
1.247659703954812991e-06 1.000000000000000000e+00
-1.027164810616741258e-07 1.000000000000000000e+00
-1.046972402378241652e-06 1.000000000000000000e+00
1.391060732111921559e-07 1.000000000000000000e+00
-3.039935880227805838e-07 1.000000000000000000e+00
2.249719393970536888e-06 1.000000000000000000e+00
-2.000657950047331511e-07 1.000000000000000000e+00
7.432839189777647212e-08 1.000000000000000000e+00
1.801946077270092783e-06 1.000000000000000000e+00
9.845524254416903799e-07 1.000000000000000000e+00
-1.259347117038242143e-06 1.000000000000000000e+00
1.713218781227924505e-06 1.000000000000000000e+00
1.353303196377525100e-06 1.000000000000000000e+00
4.654466079300793951e-07 1.000000000000000000e+00
-2.764302560465593595e-07 1.000000000000000000e+00
-1.526547340811454129e-07 1.000000000000000000e+00
4.555425254684741393e-07 1.000000000000000000e+00
9.763861809918700060e-07 1.000000000000000000e+00
4.751003302088121423e-07 1.000000000000000000e+00
2.404838600625308187e-06 1.000000000000000000e+00
-8.856894374098327170e-07 1.000000000000000000e+00
8.014492439873670633e-08 1.000000000000000000e+00
-5.439928673181790567e-06 1.000000000000000000e+00
1.351669173341852754e-06 1.000000000000000000e+00
4.739704119994822915e-08 1.000000000000000000e+00
1.137541918053136418e-06 1.000000000000000000e+00
6.695149541560376984e-07 1.000000000000000000e+00
-6.076159472072038986e-07 1.000000000000000000e+00
-1.906276984275165018e-06 1.000000000000000000e+00
1.758999604261292996e-07 1.000000000000000000e+00
-5.000722872748859496e-07 1.000000000000000000e+00
6.508359829380698841e-07 1.000000000000000000e+00
-3.141817634461609609e-07 1.000000000000000000e+00
-5.470712766424289733e-07 1.000000000000000000e+00
1.808545625105673597e-07 1.000000000000000000e+00
6.254245133294857156e-07 1.000000000000000000e+00
3.503821990559096018e-07 1.000000000000000000e+00
-3.203190177636490982e-07 1.000000000000000000e+00
9.572224705922506291e-07 1.000000000000000000e+00
-2.170156463952324787e-06 1.000000000000000000e+00
-3.251403080459507605e-07 1.000000000000000000e+00
6.041946243539756550e-07 1.000000000000000000e+00
9.096566884226290582e-07 1.000000000000000000e+00
-1.725703733917855532e-07 1.000000000000000000e+00
-1.227285418335897614e-06 1.000000000000000000e+00
7.758323795958029554e-07 1.000000000000000000e+00
4.826891446915837219e-07 1.000000000000000000e+00
-3.120542382212066902e-07 1.000000000000000000e+00
5.197919799196950366e-07 1.000000000000000000e+00
-1.448695428093045174e-07 1.000000000000000000e+00
-9.572924082139667870e-07 1.000000000000000000e+00
1.035115812796083938e-06 1.000000000000000000e+00
-3.894311143267673429e-07 1.000000000000000000e+00
-3.149566308212321884e-09 1.000000000000000000e+00
-4.431206277742013071e-07 1.000000000000000000e+00
1.230017591554155485e-08 1.000000000000000000e+00
8.102909613264963970e-07 1.000000000000000000e+00
5.517354162390374462e-07 1.000000000000000000e+00
2.083506583659979743e-07 1.000000000000000000e+00
-1.720756335462859623e-07 1.000000000000000000e+00
-1.704259322701243931e-06 1.000000000000000000e+00
6.704711696917071157e-07 1.000000000000000000e+00
7.115488020542505388e-07 1.000000000000000000e+00
1.001909598795043098e-06 1.000000000000000000e+00
4.320856957621306005e-07 1.000000000000000000e+00
-4.329603732144755287e-07 1.000000000000000000e+00
2.163015781037672846e-07 1.000000000000000000e+00
2.182709834899782528e-07 1.000000000000000000e+00
-2.818271901648001602e-06 1.000000000000000000e+00
-4.218562662567429084e-06 1.000000000000000000e+00
-1.040572685344732197e-06 1.000000000000000000e+00
2.648937449886382881e-07 1.000000000000000000e+00
-5.439966205445712017e-08 1.000000000000000000e+00
-5.542368731427774131e-07 1.000000000000000000e+00
-1.623939962616833152e-07 1.000000000000000000e+00
1.175442725266185696e-06 1.000000000000000000e+00
2.312663049245660313e-06 1.000000000000000000e+00
2.303203243830865459e-06 1.000000000000000000e+00
2.615670941238498545e-08 1.000000000000000000e+00
-2.786595472669734357e-07 1.000000000000000000e+00
-2.598648660105100168e-06 1.000000000000000000e+00
6.754799152101408475e-07 1.000000000000000000e+00
1.513821150091475404e-06 1.000000000000000000e+00
-1.300538687844032041e-07 1.000000000000000000e+00
-4.148002057692133812e-08 1.000000000000000000e+00
3.342849528303034806e-07 1.000000000000000000e+00
-2.603790961439123892e-07 1.000000000000000000e+00
4.532822940130872445e-07 1.000000000000000000e+00
-3.106700608312860435e-07 1.000000000000000000e+00
8.124945093240277320e-07 1.000000000000000000e+00
1.815124606110385489e-07 1.000000000000000000e+00
-9.845652834380981687e-07 1.000000000000000000e+00
-3.822174384927237386e-07 1.000000000000000000e+00
-5.270442141377884110e-07 1.000000000000000000e+00
5.368165061527452826e-07 1.000000000000000000e+00
6.726764389927457042e-07 1.000000000000000000e+00
-4.831869400414367904e-07 1.000000000000000000e+00
7.189654997046383607e-07 1.000000000000000000e+00
-1.888322998314784952e-06 1.000000000000000000e+00
3.570127328006269793e-07 1.000000000000000000e+00
7.031645173336201574e-07 1.000000000000000000e+00
6.574721744742362989e-07 1.000000000000000000e+00
-1.835296815800778824e-06 1.000000000000000000e+00
-3.889262886596734308e-06 1.000000000000000000e+00
-9.119586978058888576e-07 1.000000000000000000e+00
-1.321566373344696319e-06 1.000000000000000000e+00
4.295556515136077454e-06 1.000000000000000000e+00
-1.551397288573620020e-06 1.000000000000000000e+00
2.065826781278021875e-06 1.000000000000000000e+00
9.018644723872300850e-07 1.000000000000000000e+00
1.955048795995784635e-06 1.000000000000000000e+00
-1.355765167116496003e-06 1.000000000000000000e+00
2.971642871163512760e-06 1.000000000000000000e+00
2.424272959496858915e-07 1.000000000000000000e+00
-6.267359947609117055e-07 1.000000000000000000e+00
1.024048273688013520e-07 1.000000000000000000e+00
-6.015177178411642588e-07 1.000000000000000000e+00
1.174648251928298832e-07 1.000000000000000000e+00
1.174107073172904882e-06 1.000000000000000000e+00
-1.567171849023102831e-07 1.000000000000000000e+00
-4.792017843091930877e-07 1.000000000000000000e+00
-1.828953160218116599e-06 1.000000000000000000e+00
1.673802205283073776e-07 1.000000000000000000e+00
-5.661691305775792870e-07 1.000000000000000000e+00
-8.387955435664818168e-07 1.000000000000000000e+00
-1.684340579438489253e-07 1.000000000000000000e+00
-2.001190402410131359e-06 1.000000000000000000e+00
8.162952114054794522e-07 1.000000000000000000e+00
9.104902241829483046e-08 1.000000000000000000e+00
-6.369607277711580098e-07 1.000000000000000000e+00
4.183223057673697632e-07 1.000000000000000000e+00
9.936101312836348191e-07 1.000000000000000000e+00
-8.712954448210364641e-07 1.000000000000000000e+00
-7.929951218094449637e-07 1.000000000000000000e+00
5.666412532117103822e-08 1.000000000000000000e+00
4.807270492211055852e-06 1.000000000000000000e+00
3.871785019488750617e-06 1.000000000000000000e+00
-1.075720763927850440e-06 1.000000000000000000e+00
-1.183224397718529200e-06 1.000000000000000000e+00
1.314649473644766433e-06 1.000000000000000000e+00
1.192181408993526552e-06 1.000000000000000000e+00
1.653306601350693535e-07 1.000000000000000000e+00
3.570118467020109017e-10 1.000000000000000000e+00
-1.825586640519236085e-07 1.000000000000000000e+00
-4.130920497406128625e-07 1.000000000000000000e+00
-2.855462572152986631e-07 1.000000000000000000e+00
-1.180647374913957739e-06 1.000000000000000000e+00
-4.817065643364682411e-07 1.000000000000000000e+00
-1.915604210676126421e-06 1.000000000000000000e+00
7.869614433982651979e-07 1.000000000000000000e+00
4.858295209771894155e-07 1.000000000000000000e+00
3.741751244698071686e-07 1.000000000000000000e+00
-8.798778215771850305e-07 1.000000000000000000e+00
2.119041704423890004e-07 1.000000000000000000e+00
-3.027102353434459140e-07 1.000000000000000000e+00
-1.665710446821062898e-06 1.000000000000000000e+00
7.328046695568753460e-07 1.000000000000000000e+00
-4.695959251730640357e-07 1.000000000000000000e+00
1.981353644735533740e-07 1.000000000000000000e+00
-6.788564067264991178e-07 1.000000000000000000e+00
5.719702182119466511e-07 1.000000000000000000e+00
3.650842472218856969e-06 1.000000000000000000e+00
-4.900793777860718805e-06 1.000000000000000000e+00
3.778421161189531779e-07 1.000000000000000000e+00
-4.051114344826353596e-09 1.000000000000000000e+00
-3.049901998009035785e-06 1.000000000000000000e+00
-4.164599130349101059e-07 1.000000000000000000e+00
9.678068693554117754e-08 1.000000000000000000e+00
3.839888789463881574e-07 1.000000000000000000e+00
-4.876146437188001706e-07 1.000000000000000000e+00
-4.959140495739461587e-07 1.000000000000000000e+00
1.258206681650758121e-06 1.000000000000000000e+00
1.397913914810497729e-06 1.000000000000000000e+00
5.568715089854559190e-07 1.000000000000000000e+00
-8.239125602280052744e-07 1.000000000000000000e+00
5.894657247200223445e-06 1.000000000000000000e+00
7.883257060602370722e-07 1.000000000000000000e+00
1.051503858931096975e-05 1.000000000000000000e+00
6.352334854819045660e-07 1.000000000000000000e+00
-6.496282720670128589e-07 1.000000000000000000e+00
1.629326556817096085e-05 1.000000000000000000e+00
6.615616506331463872e-07 1.000000000000000000e+00
-3.726965675406468726e-07 1.000000000000000000e+00
8.532805400947132934e-07 1.000000000000000000e+00
2.113709100474515120e-07 1.000000000000000000e+00
-1.608548722682973317e-06 1.000000000000000000e+00
7.933788177818642684e-07 1.000000000000000000e+00
-6.612343452024649993e-07 1.000000000000000000e+00
8.951637585927395251e-07 1.000000000000000000e+00
6.871380252477852279e-07 1.000000000000000000e+00
-6.766787147148921964e-07 1.000000000000000000e+00
3.970307473150702752e-07 1.000000000000000000e+00
-2.743318502363463157e-07 1.000000000000000000e+00
-8.563229641159056983e-07 1.000000000000000000e+00
-5.704356677511468818e-07 1.000000000000000000e+00
3.959760377027306675e-07 1.000000000000000000e+00
1.049392657665678937e-07 1.000000000000000000e+00
-2.503505277739180052e-06 1.000000000000000000e+00
4.303167122197652810e-07 1.000000000000000000e+00
4.202232838165374799e-06 1.000000000000000000e+00
-8.543069448683990457e-07 1.000000000000000000e+00
-1.041480025738140473e-06 1.000000000000000000e+00
-6.487459975925742115e-07 1.000000000000000000e+00
9.536023837673873171e-07 1.000000000000000000e+00
-2.281107209136085435e-06 1.000000000000000000e+00
-2.104747335709208211e-06 1.000000000000000000e+00
-6.502605437090895671e-07 1.000000000000000000e+00
-1.477302614765056231e-06 1.000000000000000000e+00
-1.212270479699795095e-06 1.000000000000000000e+00
1.050859663350397701e-06 1.000000000000000000e+00
4.505349506791882415e-07 1.000000000000000000e+00
1.729091672108966935e-06 1.000000000000000000e+00
3.833697369564663836e-06 1.000000000000000000e+00
2.759807514536055570e-07 1.000000000000000000e+00
6.465857393596718118e-07 1.000000000000000000e+00
-4.592402230906688847e-07 1.000000000000000000e+00
-4.411500091294210054e-07 1.000000000000000000e+00
9.307633169256197271e-08 1.000000000000000000e+00
1.549034819886794903e-06 1.000000000000000000e+00
3.500965300994944738e-06 1.000000000000000000e+00
2.055575892047605119e-07 1.000000000000000000e+00
1.054510454607005664e-06 1.000000000000000000e+00
-1.007867275277133828e-06 1.000000000000000000e+00
3.555310950760586448e-07 1.000000000000000000e+00
1.860255686979659967e-07 1.000000000000000000e+00
-2.507138783428809022e-06 1.000000000000000000e+00
2.516480446243430144e-07 1.000000000000000000e+00
-2.518469666857346822e-06 1.000000000000000000e+00
-7.182606983924965571e-07 1.000000000000000000e+00
-1.985009712845538913e-06 1.000000000000000000e+00
-2.531799585834459302e-07 1.000000000000000000e+00
-2.051697982898907648e-06 1.000000000000000000e+00
-9.528299246173206082e-07 1.000000000000000000e+00
-7.871338982446930879e-07 1.000000000000000000e+00
-1.418811754953914258e-07 1.000000000000000000e+00
-4.084275370192171899e-07 1.000000000000000000e+00
4.964163731564328169e-07 1.000000000000000000e+00
-6.803570977215524177e-07 1.000000000000000000e+00
-1.615902554775080791e-07 1.000000000000000000e+00
8.236641386439336972e-07 1.000000000000000000e+00
8.956108098703232899e-08 1.000000000000000000e+00
8.200475676094579433e-07 1.000000000000000000e+00
2.166066647087248767e-06 1.000000000000000000e+00
-1.027861535719062419e-06 1.000000000000000000e+00
-2.899597327667856563e-06 1.000000000000000000e+00
1.364602963247436196e-06 1.000000000000000000e+00
1.454718807420905871e-06 1.000000000000000000e+00
1.542512533547344104e-06 1.000000000000000000e+00
-2.089688486646252503e-07 1.000000000000000000e+00
-1.244862398521351646e-06 1.000000000000000000e+00
-1.842418954429340322e-06 1.000000000000000000e+00
5.308407447701366027e-07 1.000000000000000000e+00
1.492383581005633027e-07 1.000000000000000000e+00
-1.277026083323165807e-06 1.000000000000000000e+00
1.013675895338927787e-06 1.000000000000000000e+00
-1.172629004090357848e-06 1.000000000000000000e+00
2.337034829367568046e-07 1.000000000000000000e+00
8.217409365859602990e-07 1.000000000000000000e+00
1.735746581997494004e-06 1.000000000000000000e+00
9.166821541523007430e-06 1.000000000000000000e+00
-2.144797347972919831e-07 1.000000000000000000e+00
1.512294135419109483e-06 1.000000000000000000e+00
-3.234151335907442130e-06 1.000000000000000000e+00
-3.363482089251215255e-07 1.000000000000000000e+00
-5.843157313770988096e-07 1.000000000000000000e+00
-8.692270260576493473e-07 1.000000000000000000e+00
-2.262204862352291619e-07 1.000000000000000000e+00
4.913161459792626203e-06 1.000000000000000000e+00
5.085366905417227635e-07 1.000000000000000000e+00
1.174090194757420371e-06 1.000000000000000000e+00
1.293450489051347831e-06 1.000000000000000000e+00
-1.229794390336617080e-06 1.000000000000000000e+00
1.584148396620325121e-08 1.000000000000000000e+00
-2.760596901594362031e-07 1.000000000000000000e+00
-5.915338957747845286e-07 1.000000000000000000e+00
4.344037301078922543e-07 1.000000000000000000e+00
-1.825151044337636634e-06 1.000000000000000000e+00
1.586869850127163686e-06 1.000000000000000000e+00
1.295724158776348160e-06 1.000000000000000000e+00
-6.078186902259789894e-06 1.000000000000000000e+00
9.957468992617590485e-07 1.000000000000000000e+00
-4.904490439460964386e-07 1.000000000000000000e+00
-9.109521056042053306e-08 1.000000000000000000e+00
1.825515599788981624e-06 1.000000000000000000e+00
1.961779298527174330e-06 1.000000000000000000e+00
1.639816848686049971e-06 1.000000000000000000e+00
3.441399003829495211e-06 1.000000000000000000e+00
3.883561863819687134e-07 1.000000000000000000e+00
3.205331233651490464e-06 1.000000000000000000e+00
3.764356138126617489e-07 1.000000000000000000e+00
-7.707197879967875289e-09 1.000000000000000000e+00
3.504134281191331392e-07 1.000000000000000000e+00
-1.886293771043636602e-06 1.000000000000000000e+00
2.901535295476655409e-07 1.000000000000000000e+00
4.986860204682963420e-07 1.000000000000000000e+00
-7.395087080017008497e-07 1.000000000000000000e+00
-1.532851827506268179e-07 1.000000000000000000e+00
1.058024590432203559e-06 1.000000000000000000e+00
1.057519359255005264e-06 1.000000000000000000e+00
6.474937007719465264e-06 1.000000000000000000e+00
2.550267481259377635e-06 1.000000000000000000e+00
3.702391007642722673e-06 1.000000000000000000e+00
6.377301400122522376e-07 1.000000000000000000e+00
-1.674012956684680417e-07 1.000000000000000000e+00
-8.597163792097426876e-08 1.000000000000000000e+00
-9.333481611145910931e-07 1.000000000000000000e+00
-7.462241549891095969e-07 1.000000000000000000e+00
8.269571136116790701e-07 1.000000000000000000e+00
1.667557406861969524e-07 1.000000000000000000e+00
3.779013008952249065e-07 1.000000000000000000e+00
-2.084513482956888992e-06 1.000000000000000000e+00
1.229077339712341448e-06 1.000000000000000000e+00
1.244616058591493461e-07 1.000000000000000000e+00
-1.051341159408325267e-06 1.000000000000000000e+00
-1.345184402078254316e-07 1.000000000000000000e+00
-9.701648122640729887e-07 1.000000000000000000e+00
3.789223015222982929e-07 1.000000000000000000e+00
-2.129988709598252970e-06 1.000000000000000000e+00
-2.763822526922005726e-07 1.000000000000000000e+00
-1.185555671948570548e-06 1.000000000000000000e+00
-1.959401012792140237e-06 1.000000000000000000e+00
8.427525791776318724e-08 1.000000000000000000e+00
6.991477725907235054e-07 1.000000000000000000e+00
-8.583828484015707984e-08 1.000000000000000000e+00
-1.292273470655067122e-06 1.000000000000000000e+00
8.919850585159359225e-07 1.000000000000000000e+00
-7.479028032572806167e-07 1.000000000000000000e+00
1.280122278320666301e-06 1.000000000000000000e+00
-2.852097382438363805e-07 1.000000000000000000e+00
5.760831332810193702e-07 1.000000000000000000e+00
-1.145196813318810751e-06 1.000000000000000000e+00
-4.658526700497289370e-07 1.000000000000000000e+00
-7.504071832329901296e-07 1.000000000000000000e+00
-9.002944510550953338e-07 1.000000000000000000e+00
-9.023530029905775174e-07 1.000000000000000000e+00
-1.427430401579540726e-06 1.000000000000000000e+00
1.148395658402065376e-06 1.000000000000000000e+00
1.547051123329687904e-06 1.000000000000000000e+00
-3.334002013075729053e-07 1.000000000000000000e+00
-6.047996355453006097e-07 1.000000000000000000e+00
5.156386713126928800e-07 1.000000000000000000e+00
1.102048860886567144e-06 1.000000000000000000e+00
-5.998628862155706390e-07 1.000000000000000000e+00
-8.160328395165643239e-07 1.000000000000000000e+00
-2.593878441368665895e-06 1.000000000000000000e+00
2.591646634274588032e-06 1.000000000000000000e+00
4.264201825517565748e-07 1.000000000000000000e+00
3.208148678013577528e-06 1.000000000000000000e+00
-2.302093828861346962e-06 1.000000000000000000e+00
2.385558409954701615e-07 1.000000000000000000e+00
-2.141161132608033675e-06 1.000000000000000000e+00
-1.634336161764956043e-06 1.000000000000000000e+00
3.935688647418469714e-07 1.000000000000000000e+00
4.698941686239736413e-06 1.000000000000000000e+00
-2.306718758911157093e-06 1.000000000000000000e+00
2.567108986119009125e-06 1.000000000000000000e+00
8.792981119395774598e-07 1.000000000000000000e+00
1.455790196504764891e-07 1.000000000000000000e+00
-7.804753866028326898e-08 1.000000000000000000e+00
3.714619005255173218e-07 1.000000000000000000e+00
-2.387252319423950194e-07 1.000000000000000000e+00
4.783844179402860417e-07 1.000000000000000000e+00
-8.327276776031736276e-08 1.000000000000000000e+00
1.115620033961939313e-07 1.000000000000000000e+00
-1.006607626146421877e-06 1.000000000000000000e+00
5.718908358771613592e-07 1.000000000000000000e+00
2.466675352992784749e-07 1.000000000000000000e+00
9.794830324887633094e-08 1.000000000000000000e+00
-1.546808301855232752e-06 1.000000000000000000e+00
2.180070105032635726e-06 1.000000000000000000e+00
-1.631330040822573465e-06 1.000000000000000000e+00
9.062078354777619932e-07 1.000000000000000000e+00
1.046431683109341469e-06 1.000000000000000000e+00
-1.293394939088065631e-07 1.000000000000000000e+00
-2.801861768760052542e-07 1.000000000000000000e+00
6.634656737702094660e-07 1.000000000000000000e+00
9.409290508370894129e-09 1.000000000000000000e+00
1.278593869576801507e-06 1.000000000000000000e+00
-5.019164693384533354e-07 1.000000000000000000e+00
-8.104435669412447839e-07 1.000000000000000000e+00
3.912264895044721364e-07 1.000000000000000000e+00
5.018337395226671208e-06 1.000000000000000000e+00
-9.215407561579562076e-07 1.000000000000000000e+00
-1.011159860674623154e-07 1.000000000000000000e+00
-2.139900887505859490e-06 1.000000000000000000e+00
-7.287969197589535464e-07 1.000000000000000000e+00
-1.018622984842401394e-06 1.000000000000000000e+00
1.683692603320999682e-06 1.000000000000000000e+00
1.972327821534295853e-06 1.000000000000000000e+00
-1.664766888202366638e-06 1.000000000000000000e+00
-2.971026134464156745e-07 1.000000000000000000e+00
3.802207724459226066e-07 1.000000000000000000e+00
7.247077619498413727e-07 1.000000000000000000e+00
9.220088355189637375e-07 1.000000000000000000e+00
5.114125597975877966e-06 1.000000000000000000e+00
-8.206622225259445728e-07 1.000000000000000000e+00
2.796522427901093415e-07 1.000000000000000000e+00
4.743315038024870997e-07 1.000000000000000000e+00
-9.683593341788300839e-10 1.000000000000000000e+00
-1.273853308086275835e-06 1.000000000000000000e+00
1.490682377331794980e-06 1.000000000000000000e+00
-8.384022607359048011e-07 1.000000000000000000e+00
4.778304749026739163e-07 1.000000000000000000e+00
3.449658736735142868e-07 1.000000000000000000e+00
-1.400359297119554695e-07 1.000000000000000000e+00
-6.956112614218281663e-07 1.000000000000000000e+00
8.665799944032490394e-07 1.000000000000000000e+00
-8.858990599347014260e-07 1.000000000000000000e+00
1.591496729679870806e-06 1.000000000000000000e+00
-1.871229176865179712e-06 1.000000000000000000e+00
-1.270206907481945541e-06 1.000000000000000000e+00
-2.034720464160950541e-07 1.000000000000000000e+00
-6.712506750173730086e-07 1.000000000000000000e+00
6.965730512741187078e-07 1.000000000000000000e+00
1.380001958684254422e-06 1.000000000000000000e+00
8.933992982265178792e-07 1.000000000000000000e+00
-1.910467295328767913e-07 1.000000000000000000e+00
-2.904776148322522404e-07 1.000000000000000000e+00
3.262919978631091609e-06 1.000000000000000000e+00
1.241884132259292992e-07 1.000000000000000000e+00
-8.134506346932350493e-07 1.000000000000000000e+00
-3.580614428086002644e-07 1.000000000000000000e+00
5.352222941210772793e-07 1.000000000000000000e+00
-9.681024817108567111e-09 1.000000000000000000e+00
1.610315853501783881e-06 1.000000000000000000e+00
-1.361353787577208031e-07 1.000000000000000000e+00
7.794606234257504201e-07 1.000000000000000000e+00
-5.586197198099844624e-07 1.000000000000000000e+00
-1.080375848531147167e-06 1.000000000000000000e+00
-9.708522055019598172e-07 1.000000000000000000e+00
-1.390530617757695813e-06 1.000000000000000000e+00
4.456259484470252571e-07 1.000000000000000000e+00
1.413816937720947907e-06 1.000000000000000000e+00
-1.600282497786718999e-06 1.000000000000000000e+00
-8.418843009901977674e-07 1.000000000000000000e+00
5.612566754275561789e-07 1.000000000000000000e+00
3.977334982100956554e-07 1.000000000000000000e+00
3.600296828883306604e-07 1.000000000000000000e+00
-4.593389363109408590e-07 1.000000000000000000e+00
1.352948962582007292e-06 1.000000000000000000e+00
-3.815789811538907084e-07 1.000000000000000000e+00
-3.599635169046020024e-08 1.000000000000000000e+00
-1.890679304028366342e-07 1.000000000000000000e+00
-8.361394039152904883e-07 1.000000000000000000e+00
9.007610764753203331e-07 1.000000000000000000e+00
-2.148034371591724907e-07 1.000000000000000000e+00
-1.279572061975686215e-06 1.000000000000000000e+00
-7.430650811141124305e-08 1.000000000000000000e+00
3.810548070276914736e-07 1.000000000000000000e+00
-6.077747101709145013e-07 1.000000000000000000e+00
-9.336560712865103226e-07 1.000000000000000000e+00
9.844804517247632979e-07 1.000000000000000000e+00
5.776119956821732102e-07 1.000000000000000000e+00
7.713352883072193037e-07 1.000000000000000000e+00
6.518589466068650169e-07 1.000000000000000000e+00
2.932677899323029119e-07 1.000000000000000000e+00
-1.827831927417838155e-06 1.000000000000000000e+00
7.663191432778535516e-07 1.000000000000000000e+00
2.097396967774290747e-06 1.000000000000000000e+00
1.215754860806582060e-06 1.000000000000000000e+00
1.508145687248596798e-06 1.000000000000000000e+00
-1.921858729858176910e-07 1.000000000000000000e+00
5.277421304971038342e-08 1.000000000000000000e+00
1.758902231043400010e-06 1.000000000000000000e+00
-8.032355098914607245e-07 1.000000000000000000e+00
-3.482983949374446746e-07 1.000000000000000000e+00
3.649029775464569444e-07 1.000000000000000000e+00
-1.419842093809830846e-07 1.000000000000000000e+00
4.063173353204443386e-07 1.000000000000000000e+00
1.452620076966399217e-06 1.000000000000000000e+00
1.583017370656922158e-06 1.000000000000000000e+00
1.078950351796640164e-06 1.000000000000000000e+00
1.380366867784421578e-07 1.000000000000000000e+00
2.003417017830519571e-06 1.000000000000000000e+00
2.481422355567297207e-07 1.000000000000000000e+00
-2.455131679250236447e-07 1.000000000000000000e+00
-2.126233265951537530e-07 1.000000000000000000e+00
-8.993226523238598914e-07 1.000000000000000000e+00
2.294227700403840420e-06 1.000000000000000000e+00
-1.686056966156021779e-06 1.000000000000000000e+00
9.373488012290185490e-07 1.000000000000000000e+00
-3.253021489785317329e-07 1.000000000000000000e+00
-2.497707002669361772e-07 1.000000000000000000e+00
1.043568855482420252e-06 1.000000000000000000e+00
7.427949982134181777e-07 1.000000000000000000e+00
7.533545797102086910e-07 1.000000000000000000e+00
-2.556107487807284364e-06 1.000000000000000000e+00
-7.300701327924639889e-07 1.000000000000000000e+00
-9.565113404414328322e-07 1.000000000000000000e+00
1.276296338388723342e-06 1.000000000000000000e+00
4.550663569779108941e-07 1.000000000000000000e+00
7.561986239449919266e-07 1.000000000000000000e+00
-6.756367629239504082e-07 1.000000000000000000e+00
-1.301290880363592589e-06 1.000000000000000000e+00
1.633584804129543624e-05 1.000000000000000000e+00
2.946269168657328514e-06 1.000000000000000000e+00
-1.125698492622965929e-07 1.000000000000000000e+00
1.104885650997178470e-06 1.000000000000000000e+00
-1.349137162585005474e-06 1.000000000000000000e+00
-6.695588886251350488e-07 1.000000000000000000e+00
-7.040672514580917874e-07 1.000000000000000000e+00
-8.030032866702144349e-07 1.000000000000000000e+00
3.353060227288315893e-07 1.000000000000000000e+00
1.631877471750207244e-07 1.000000000000000000e+00
6.399258732415815769e-07 1.000000000000000000e+00
-7.418435146014182139e-08 1.000000000000000000e+00
4.009930513177027844e-07 1.000000000000000000e+00
-1.498028231663590456e-07 1.000000000000000000e+00
-1.251457061395484120e-06 1.000000000000000000e+00
1.895498274385147984e-06 1.000000000000000000e+00
-8.693549348146422919e-07 1.000000000000000000e+00
4.427843169799418774e-07 1.000000000000000000e+00
3.503323762278784690e-07 1.000000000000000000e+00
5.814884335899508586e-07 1.000000000000000000e+00
8.875782248882388508e-07 1.000000000000000000e+00
2.087750060645611791e-07 1.000000000000000000e+00
1.163473302855084911e-07 1.000000000000000000e+00
6.776439037973778329e-08 1.000000000000000000e+00
3.771051942061983157e-07 1.000000000000000000e+00
-5.253750089708671065e-07 1.000000000000000000e+00
-1.228201107924775158e-06 1.000000000000000000e+00
-7.242639111329620978e-07 1.000000000000000000e+00
2.855988188020257836e-06 1.000000000000000000e+00
9.773298060895793077e-07 1.000000000000000000e+00
2.587207668618500442e-07 1.000000000000000000e+00
2.865665152772810574e-06 1.000000000000000000e+00
-2.303507840444073763e-07 1.000000000000000000e+00
-6.624663919533280249e-07 1.000000000000000000e+00
-5.232432175140790016e-07 1.000000000000000000e+00
3.433707823962548916e-07 1.000000000000000000e+00
2.648839010588182011e-06 1.000000000000000000e+00
-5.671278290485439707e-07 1.000000000000000000e+00
-9.675922578020860229e-07 1.000000000000000000e+00
2.754567003628888727e-07 1.000000000000000000e+00
-2.311933645328498135e-07 1.000000000000000000e+00
3.715590562384306062e-07 1.000000000000000000e+00
-1.733875644464901220e-06 1.000000000000000000e+00
-3.250026246143375924e-07 1.000000000000000000e+00
1.040257235207761936e-06 1.000000000000000000e+00
1.638233574114981831e-06 1.000000000000000000e+00
1.252519706790602541e-06 1.000000000000000000e+00
-5.348739506391663037e-07 1.000000000000000000e+00
8.600502153635586783e-07 1.000000000000000000e+00
6.840283927253545550e-07 1.000000000000000000e+00
-1.124522701900803940e-06 1.000000000000000000e+00
1.300750704911991279e-06 1.000000000000000000e+00
2.521279436832247406e-07 1.000000000000000000e+00
2.179327185965513613e-07 1.000000000000000000e+00
7.899084271984786879e-07 1.000000000000000000e+00
-1.947916978410447587e-06 1.000000000000000000e+00
3.068854799622929839e-07 1.000000000000000000e+00
-4.874953697769512682e-07 1.000000000000000000e+00
2.258400850450250223e-07 1.000000000000000000e+00
1.236748149405668446e-06 1.000000000000000000e+00
-8.584951973430676786e-07 1.000000000000000000e+00
-5.975054307883220237e-07 1.000000000000000000e+00
-8.951183799610065048e-07 1.000000000000000000e+00
2.563640684213280982e-07 1.000000000000000000e+00
1.201576459973630395e-06 1.000000000000000000e+00
7.986108124927349570e-07 1.000000000000000000e+00
-1.005882621256908200e-06 1.000000000000000000e+00
-1.056868917908832685e-06 1.000000000000000000e+00
-5.239911259462688659e-07 1.000000000000000000e+00
4.025329713198470220e-07 1.000000000000000000e+00
-8.348513180963961126e-07 1.000000000000000000e+00
-9.886371797891173090e-07 1.000000000000000000e+00
5.191778948858309783e-07 1.000000000000000000e+00
-3.267597360746513340e-07 1.000000000000000000e+00
-1.627960404226561683e-06 1.000000000000000000e+00
-7.430763868894759949e-07 1.000000000000000000e+00
-8.006184131986825814e-07 1.000000000000000000e+00
8.888207764508502765e-07 1.000000000000000000e+00
-6.510860601879060440e-07 1.000000000000000000e+00
-1.045144633427598006e-07 1.000000000000000000e+00
6.478501692170189982e-07 1.000000000000000000e+00
4.895817368982902640e-07 1.000000000000000000e+00
1.267962903004990852e-07 1.000000000000000000e+00
8.534559955151490249e-07 1.000000000000000000e+00
-9.417523164381788879e-07 1.000000000000000000e+00
2.079695429959154867e-07 1.000000000000000000e+00
1.097737550085001068e-07 1.000000000000000000e+00
-2.341822469639850076e-08 1.000000000000000000e+00
-1.034163951922466290e-06 1.000000000000000000e+00
3.027922976993299305e-07 1.000000000000000000e+00
2.840097529546995835e-07 1.000000000000000000e+00
3.733355124096799839e-07 1.000000000000000000e+00
-8.268809395220429969e-07 1.000000000000000000e+00
-7.775469537838233609e-07 1.000000000000000000e+00
8.823777752857904710e-07 1.000000000000000000e+00
5.194060141299016712e-07 1.000000000000000000e+00
5.138485179410820653e-07 1.000000000000000000e+00
1.546355638382173580e-06 1.000000000000000000e+00
-2.681363596762882492e-07 1.000000000000000000e+00
1.505142343866619491e-06 1.000000000000000000e+00
-6.884773631437334423e-07 1.000000000000000000e+00
-1.230765286240222145e-06 1.000000000000000000e+00
-8.375258980637170001e-08 1.000000000000000000e+00
-7.402111515092198249e-07 1.000000000000000000e+00
1.383942631100635513e-06 1.000000000000000000e+00
6.251333702892050886e-07 1.000000000000000000e+00
2.364709951052270441e-07 1.000000000000000000e+00
-1.362162473894018540e-07 1.000000000000000000e+00
6.013942543525385934e-07 1.000000000000000000e+00
1.662474271788264443e-06 1.000000000000000000e+00
2.736959073517541463e-07 1.000000000000000000e+00
2.248612947007930782e-07 1.000000000000000000e+00
-1.074663091055359432e-06 1.000000000000000000e+00
1.321853850755759149e-07 1.000000000000000000e+00
-4.104091804271117814e-07 1.000000000000000000e+00
-1.746735086881098228e-06 1.000000000000000000e+00
1.032602973363762488e-06 1.000000000000000000e+00
7.022108670877954492e-07 1.000000000000000000e+00
-5.413464772121925055e-08 1.000000000000000000e+00
4.344769790425421867e-07 1.000000000000000000e+00
-2.838380716413798821e-07 1.000000000000000000e+00
1.341659623602321284e-06 1.000000000000000000e+00
1.369485054824486804e-07 1.000000000000000000e+00
5.499583891078153979e-07 1.000000000000000000e+00
5.436818912562098236e-07 1.000000000000000000e+00
-1.090512720627860164e-06 1.000000000000000000e+00
-3.257460113730767709e-07 1.000000000000000000e+00
-3.489340666878672186e-07 1.000000000000000000e+00
-4.812486486018328080e-07 1.000000000000000000e+00
5.380256230661834077e-07 1.000000000000000000e+00
4.221450647482886452e-07 1.000000000000000000e+00
3.616036012010415182e-07 1.000000000000000000e+00
-1.931371491043604169e-08 1.000000000000000000e+00
-7.330504434647806715e-07 1.000000000000000000e+00
3.988524125332600369e-07 1.000000000000000000e+00
-8.549931135161214985e-07 1.000000000000000000e+00
1.767612465215817886e-07 1.000000000000000000e+00
-6.463955177895205830e-07 1.000000000000000000e+00
5.329987812885975123e-07 1.000000000000000000e+00
2.078749181601722567e-07 1.000000000000000000e+00
7.567971448345070670e-08 1.000000000000000000e+00
-3.781095213202012165e-07 1.000000000000000000e+00
2.896443392291241675e-07 1.000000000000000000e+00
8.557548391456295545e-08 1.000000000000000000e+00
-3.184732199304182680e-08 1.000000000000000000e+00
2.205505590119548163e-06 1.000000000000000000e+00
-8.061864778607464901e-07 1.000000000000000000e+00
9.879989434371144858e-08 1.000000000000000000e+00
2.868173007543773065e-07 1.000000000000000000e+00
-7.994927805388842606e-07 1.000000000000000000e+00
-5.292762890475561588e-07 1.000000000000000000e+00
1.542968514733222862e-06 1.000000000000000000e+00
6.582932577554756834e-07 1.000000000000000000e+00
5.691676136161222671e-07 1.000000000000000000e+00
2.161122882305846912e-07 1.000000000000000000e+00
-1.136195519863628831e-06 1.000000000000000000e+00
-9.569003011404196717e-07 1.000000000000000000e+00
-5.213690434410510469e-07 1.000000000000000000e+00
6.338156552533231048e-07 1.000000000000000000e+00
-6.662611447155081651e-07 1.000000000000000000e+00
2.306081954313406116e-07 1.000000000000000000e+00
8.610905406568386771e-07 1.000000000000000000e+00
1.979279777084049079e-07 1.000000000000000000e+00
-9.097941969478881777e-07 1.000000000000000000e+00
8.061648337926800565e-08 1.000000000000000000e+00
3.646794696168397133e-07 1.000000000000000000e+00
-3.832018246253619791e-07 1.000000000000000000e+00
9.014715514088148401e-07 1.000000000000000000e+00
4.381115304580074318e-07 1.000000000000000000e+00
-1.947901937462078076e-07 1.000000000000000000e+00
-4.236196907089572773e-07 1.000000000000000000e+00
7.345345184412484246e-08 1.000000000000000000e+00
-2.074409881237094206e-07 1.000000000000000000e+00
-9.946552758926446658e-07 1.000000000000000000e+00
1.611096896465607907e-07 1.000000000000000000e+00
-1.298095879487451464e-06 1.000000000000000000e+00
-1.555679305805994927e-07 1.000000000000000000e+00
-4.361546871576518961e-07 1.000000000000000000e+00
-7.347681343633833434e-07 1.000000000000000000e+00
-8.789767625562498784e-07 1.000000000000000000e+00
7.098717878435023157e-07 1.000000000000000000e+00
4.301077865743038433e-07 1.000000000000000000e+00
3.529724442916791720e-08 1.000000000000000000e+00
1.117946198316055098e-07 1.000000000000000000e+00
3.971866180856764684e-07 1.000000000000000000e+00
-7.987757895005854943e-07 1.000000000000000000e+00
-7.649803206642650560e-08 1.000000000000000000e+00
5.421696072554257705e-08 1.000000000000000000e+00
-8.667001158942447560e-07 1.000000000000000000e+00
1.017669673287123852e-06 1.000000000000000000e+00
7.711239666144255496e-07 1.000000000000000000e+00
-9.416522621847613557e-07 1.000000000000000000e+00
-9.965059538536770783e-07 1.000000000000000000e+00
1.041679393974495328e-06 1.000000000000000000e+00
2.064673932582980267e-07 1.000000000000000000e+00
-2.782519403988478465e-08 1.000000000000000000e+00
4.221145564643010263e-07 1.000000000000000000e+00
6.816945463790474406e-07 1.000000000000000000e+00
-5.933350819835416124e-07 1.000000000000000000e+00
9.570007000276135963e-07 1.000000000000000000e+00
-6.273174299577905778e-07 1.000000000000000000e+00
1.755817355853785013e-06 1.000000000000000000e+00
9.976147051390208361e-07 1.000000000000000000e+00
1.433814333692497656e-06 1.000000000000000000e+00
-7.472689434207736993e-07 1.000000000000000000e+00
-2.930705927771342134e-09 1.000000000000000000e+00
-6.106023280793585194e-07 1.000000000000000000e+00
4.069122570017401004e-08 1.000000000000000000e+00
1.723821376060049503e-06 1.000000000000000000e+00
-3.244363831183813451e-07 1.000000000000000000e+00
7.486246701397808072e-08 1.000000000000000000e+00
3.780685664738288054e-06 1.000000000000000000e+00
3.890959754242381664e-07 1.000000000000000000e+00
-3.472344793001687447e-07 1.000000000000000000e+00
8.041933426356646135e-07 1.000000000000000000e+00
-4.973323550809192148e-07 1.000000000000000000e+00
1.671033563118717394e-07 1.000000000000000000e+00
-1.149571000485206959e-06 1.000000000000000000e+00
3.326083884611169949e-07 1.000000000000000000e+00
-1.222152267778483669e-07 1.000000000000000000e+00
1.143992241735316599e-06 1.000000000000000000e+00
1.367416175601310959e-06 1.000000000000000000e+00
-1.383012262660844882e-06 1.000000000000000000e+00
5.564799549911003435e-07 1.000000000000000000e+00
-1.275666476401566954e-06 1.000000000000000000e+00
9.880544595027254745e-07 1.000000000000000000e+00
5.188806137648793260e-07 1.000000000000000000e+00
9.801962856938598760e-07 1.000000000000000000e+00
-2.538560846012063642e-06 1.000000000000000000e+00
-1.084188105781148267e-06 1.000000000000000000e+00
1.186248583800568471e-07 1.000000000000000000e+00
-3.432040301367046163e-07 1.000000000000000000e+00
-2.806526595561414028e-06 1.000000000000000000e+00
-2.385576554945545894e-07 1.000000000000000000e+00
-2.951057181689439927e-06 1.000000000000000000e+00
7.681654435631490234e-07 1.000000000000000000e+00
5.849447793996330233e-07 1.000000000000000000e+00
-5.975368062282996224e-07 1.000000000000000000e+00
-2.715349283981945091e-07 1.000000000000000000e+00
3.165466816163845738e-06 1.000000000000000000e+00
2.562047532869007672e-07 1.000000000000000000e+00
1.476408176778698959e-06 1.000000000000000000e+00
2.599587529829908730e-07 1.000000000000000000e+00
-9.640556616509471507e-07 1.000000000000000000e+00
-1.170128203209367860e-06 1.000000000000000000e+00
8.924967070256337089e-09 1.000000000000000000e+00
-1.841682522301638810e-06 1.000000000000000000e+00
1.808881347932805990e-06 1.000000000000000000e+00
4.853621990398157723e-07 1.000000000000000000e+00
-1.257219529856887345e-06 1.000000000000000000e+00
-1.720403116723887010e-06 1.000000000000000000e+00
1.869118327600386658e-08 1.000000000000000000e+00
1.713835742783311729e-07 1.000000000000000000e+00
1.019632463005378097e-06 1.000000000000000000e+00
1.026194626141158469e-06 1.000000000000000000e+00
6.505990040208647005e-07 1.000000000000000000e+00
1.513452961751016400e-06 1.000000000000000000e+00
6.581074360044818347e-07 1.000000000000000000e+00
1.715212142118996647e-07 1.000000000000000000e+00
-1.006153419361557610e-06 1.000000000000000000e+00
7.408858850202486543e-07 1.000000000000000000e+00
-4.083138393845285902e-07 1.000000000000000000e+00
-8.463116410713334451e-07 1.000000000000000000e+00
1.498379939860002178e-06 1.000000000000000000e+00
3.306989231345772042e-07 1.000000000000000000e+00
1.114223427653615751e-06 1.000000000000000000e+00
-4.061938698687004922e-07 1.000000000000000000e+00
-2.546578760407095819e-06 1.000000000000000000e+00
1.614790700177877892e-06 1.000000000000000000e+00
-1.210316309273157914e-07 1.000000000000000000e+00
-7.267634512259104128e-07 1.000000000000000000e+00
1.805513428836127100e-06 1.000000000000000000e+00
-3.929136604348256385e-08 1.000000000000000000e+00
3.614994817949911720e-06 1.000000000000000000e+00
-1.418139515266967162e-07 1.000000000000000000e+00
-3.056599612953362643e-07 1.000000000000000000e+00
3.307203149189068933e-06 1.000000000000000000e+00
-6.887413499173811859e-07 1.000000000000000000e+00
-2.227373691789486602e-07 1.000000000000000000e+00
5.825093930917577172e-07 1.000000000000000000e+00
-2.641111515015436706e-06 1.000000000000000000e+00
5.894389879568125406e-06 1.000000000000000000e+00
-5.917061096821861641e-06 1.000000000000000000e+00
-8.813628150445112037e-07 1.000000000000000000e+00
1.562980410175753026e-07 1.000000000000000000e+00
4.770326742941703816e-06 1.000000000000000000e+00
7.727108794263419647e-07 1.000000000000000000e+00
-5.243381399180348168e-07 1.000000000000000000e+00
-1.098712560440816902e-06 1.000000000000000000e+00
-3.369185555798445845e-07 1.000000000000000000e+00
8.975043986114273999e-07 1.000000000000000000e+00
-4.955024365986563170e-07 1.000000000000000000e+00
-9.090941447405824460e-07 1.000000000000000000e+00
8.957033672595981198e-07 1.000000000000000000e+00
1.401589150277654521e-06 1.000000000000000000e+00
2.168673265269502155e-06 1.000000000000000000e+00
-4.631705312164212109e-07 1.000000000000000000e+00
-5.625225525987001223e-07 1.000000000000000000e+00
-1.826643900722734266e-06 1.000000000000000000e+00
6.554108366276832097e-07 1.000000000000000000e+00
-5.044388737037630126e-07 1.000000000000000000e+00
2.605717133108567699e-06 1.000000000000000000e+00
-1.138719721905992226e-06 1.000000000000000000e+00
-1.253750374176266015e-06 1.000000000000000000e+00
2.023111279677587020e-07 1.000000000000000000e+00
-1.118287597976224062e-06 1.000000000000000000e+00
-8.580489439653111071e-07 1.000000000000000000e+00
-3.708241971560588977e-07 1.000000000000000000e+00
1.087865206751502441e-06 1.000000000000000000e+00
4.478328496962014385e-07 1.000000000000000000e+00
-1.449657414037212502e-07 1.000000000000000000e+00
4.237419232996024311e-07 1.000000000000000000e+00
-2.363709229917832822e-07 1.000000000000000000e+00
-2.209006280489787760e-06 1.000000000000000000e+00
7.156064505457146084e-07 1.000000000000000000e+00
-2.405342687110689442e-06 1.000000000000000000e+00
-1.531967722343370555e-06 1.000000000000000000e+00
-2.047811665535597802e-07 1.000000000000000000e+00
-2.371086041753700210e-06 1.000000000000000000e+00
1.039930243211500086e-05 1.000000000000000000e+00
4.786505220455974269e-07 1.000000000000000000e+00
-5.840342264759184843e-07 1.000000000000000000e+00
1.321634239648024020e-06 1.000000000000000000e+00
-1.490107183516489767e-07 1.000000000000000000e+00
-2.360909068059101820e-07 1.000000000000000000e+00
4.516624613172783193e-06 1.000000000000000000e+00
-1.229045160967915272e-06 1.000000000000000000e+00
3.012331972332968951e-06 1.000000000000000000e+00
1.304683132764124078e-06 1.000000000000000000e+00
-8.659091099185947640e-08 1.000000000000000000e+00
-5.786835885738946101e-07 1.000000000000000000e+00
8.862271824239589528e-07 1.000000000000000000e+00
-4.403651719269550300e-07 1.000000000000000000e+00
-2.106445389857699284e-06 1.000000000000000000e+00
1.000907614895155544e-06 1.000000000000000000e+00
-2.850873938129236782e-08 1.000000000000000000e+00
2.919418109458357369e-06 1.000000000000000000e+00
1.082299031479133903e-06 1.000000000000000000e+00
-3.163166800617340383e-06 1.000000000000000000e+00
-8.195961068474467392e-07 1.000000000000000000e+00
-4.231630061569702771e-07 1.000000000000000000e+00
6.588607303796185803e-07 1.000000000000000000e+00
-4.956091655852512383e-07 1.000000000000000000e+00
9.036290765607223998e-07 1.000000000000000000e+00
-8.182757420329078173e-07 1.000000000000000000e+00
-2.469821554967326921e-08 1.000000000000000000e+00
2.173493464775445145e-06 1.000000000000000000e+00
2.048955096098348516e-06 1.000000000000000000e+00
-1.362311050796799577e-06 1.000000000000000000e+00
2.719259060183752459e-06 1.000000000000000000e+00
5.160554599240838503e-07 1.000000000000000000e+00
-3.824119426986473843e-07 1.000000000000000000e+00
-2.392159329427876472e-07 1.000000000000000000e+00
-3.090466849517788928e-06 1.000000000000000000e+00
2.909850279440118670e-07 1.000000000000000000e+00
4.997415077016852733e-06 1.000000000000000000e+00
1.176466935055144966e-07 1.000000000000000000e+00
5.870269571348648860e-08 1.000000000000000000e+00
2.459752971568179554e-07 1.000000000000000000e+00
-4.150269015606657530e-06 1.000000000000000000e+00
-1.121105070350097268e-06 1.000000000000000000e+00
1.397359260134473868e-06 1.000000000000000000e+00
2.151440382439384798e-06 1.000000000000000000e+00
6.706452722329170023e-07 1.000000000000000000e+00
6.249051417461479929e-07 1.000000000000000000e+00
-5.897036070487442064e-07 1.000000000000000000e+00
-7.698089812155762298e-07 1.000000000000000000e+00
2.320496417616278242e-08 1.000000000000000000e+00
-8.018432640551943811e-07 1.000000000000000000e+00
4.468921626575135152e-07 1.000000000000000000e+00
-4.980981480247982646e-07 1.000000000000000000e+00
6.994151554226645169e-07 1.000000000000000000e+00
1.060401553033110162e-06 1.000000000000000000e+00
3.990633044127527982e-07 1.000000000000000000e+00
-1.660054914225505506e-06 1.000000000000000000e+00
-5.690033805926046367e-07 1.000000000000000000e+00
-1.310768980800414090e-06 1.000000000000000000e+00
-5.970067493322525954e-06 1.000000000000000000e+00
1.230656612084847583e-06 1.000000000000000000e+00
6.742412645688285891e-07 1.000000000000000000e+00
-5.393047004831640783e-07 1.000000000000000000e+00
-4.157682271489759403e-07 1.000000000000000000e+00
3.779703299027086208e-06 1.000000000000000000e+00
4.977013988427590361e-07 1.000000000000000000e+00
-6.478509499247107612e-08 1.000000000000000000e+00
-2.845252421325058831e-07 1.000000000000000000e+00
5.767997525712572081e-07 1.000000000000000000e+00
9.897393725858154960e-08 1.000000000000000000e+00
4.552641085029826571e-07 1.000000000000000000e+00
7.091760125485749996e-07 1.000000000000000000e+00
-2.946036680580351303e-06 1.000000000000000000e+00
4.357872142439078143e-07 1.000000000000000000e+00
-5.977272551093522592e-07 1.000000000000000000e+00
4.770927076318599473e-06 1.000000000000000000e+00
6.178719471515260764e-07 1.000000000000000000e+00
5.743389468621355262e-07 1.000000000000000000e+00
-1.376397263712681122e-07 1.000000000000000000e+00
5.325892220526317322e-07 1.000000000000000000e+00
-1.227321418102129373e-06 1.000000000000000000e+00
7.091783284107613995e-07 1.000000000000000000e+00
-6.962286128450542012e-07 1.000000000000000000e+00
-3.158458904606605420e-07 1.000000000000000000e+00
3.084192919366380487e-07 1.000000000000000000e+00
-3.505934670982973742e-07 1.000000000000000000e+00
3.497055813738758268e-07 1.000000000000000000e+00
-7.667883709432465355e-07 1.000000000000000000e+00
8.271533461869424541e-07 1.000000000000000000e+00
1.326464703294487410e-06 1.000000000000000000e+00
-8.903174725564867323e-08 1.000000000000000000e+00
-1.902815827851520678e-06 1.000000000000000000e+00
-4.615227718868009449e-07 1.000000000000000000e+00
4.255498189265489829e-07 1.000000000000000000e+00
-4.183585173041046034e-08 1.000000000000000000e+00
-8.955095223853069924e-07 1.000000000000000000e+00
9.816744222235482755e-08 1.000000000000000000e+00
-3.184559445819767090e-07 1.000000000000000000e+00
1.092957883131277783e-06 1.000000000000000000e+00
5.216890729450551768e-07 1.000000000000000000e+00
1.202226650463824188e-07 1.000000000000000000e+00
-4.180807826471529976e-07 1.000000000000000000e+00
-8.703542473317202395e-07 1.000000000000000000e+00
-5.043801541704979883e-07 1.000000000000000000e+00
1.406069953625294894e-06 1.000000000000000000e+00
-8.687116589862802740e-07 1.000000000000000000e+00
4.035536009384645621e-07 1.000000000000000000e+00
2.725937834084276861e-07 1.000000000000000000e+00
5.482567301502050511e-06 1.000000000000000000e+00
-3.571720932739535734e-07 1.000000000000000000e+00
-3.856779718253325934e-06 1.000000000000000000e+00
-5.726848760241267105e-08 1.000000000000000000e+00
5.130568481270335189e-07 1.000000000000000000e+00
-1.397921782146252963e-06 1.000000000000000000e+00
-7.905200054448369602e-07 1.000000000000000000e+00
3.050774501918034018e-07 1.000000000000000000e+00
1.656685477733838744e-06 1.000000000000000000e+00
-6.748025066894363981e-07 1.000000000000000000e+00
1.502385825679181660e-06 1.000000000000000000e+00
-2.627972166627299593e-06 1.000000000000000000e+00
-5.800074437028150588e-07 1.000000000000000000e+00
-8.541201707908993416e-07 1.000000000000000000e+00
-2.281259068226241747e-07 1.000000000000000000e+00
1.334995496049884626e-06 1.000000000000000000e+00
3.735811718451522166e-07 1.000000000000000000e+00
1.056605737243242376e-06 1.000000000000000000e+00
-1.300154187254343665e-06 1.000000000000000000e+00
1.989723323750643790e-08 1.000000000000000000e+00
9.180574950767395129e-07 1.000000000000000000e+00
1.902179053232987115e-06 1.000000000000000000e+00
2.598424253922778835e-07 1.000000000000000000e+00
-8.117619669460886816e-07 1.000000000000000000e+00
7.002924036745135790e-07 1.000000000000000000e+00
-6.958501100151593195e-06 1.000000000000000000e+00
-7.065610873919111541e-07 1.000000000000000000e+00
9.754964566291138976e-07 1.000000000000000000e+00
-1.413479475676452029e-06 1.000000000000000000e+00
-5.614048974660608346e-07 1.000000000000000000e+00
8.796151631924390707e-07 1.000000000000000000e+00
9.137041385903793286e-07 1.000000000000000000e+00
-6.172995864541038747e-07 1.000000000000000000e+00
-6.610373150259721971e-07 1.000000000000000000e+00
-7.823208573550872943e-07 1.000000000000000000e+00
-4.412046796299709998e-07 1.000000000000000000e+00
4.434596896648338958e-07 1.000000000000000000e+00
-7.889030956821775525e-07 1.000000000000000000e+00
-1.358380679106903386e-07 1.000000000000000000e+00
-2.733306107187147769e-07 1.000000000000000000e+00
-9.477750546405964983e-07 1.000000000000000000e+00
-1.674651999993537542e-06 1.000000000000000000e+00
-1.719898208968241774e-06 1.000000000000000000e+00
4.273485637471102178e-07 1.000000000000000000e+00
3.563635086206337618e-07 1.000000000000000000e+00
-4.524906633884314890e-07 1.000000000000000000e+00
-9.783757813600569225e-07 1.000000000000000000e+00
-1.750424295312761347e-06 1.000000000000000000e+00
1.429631903391029840e-06 1.000000000000000000e+00
9.489565803398256781e-07 1.000000000000000000e+00
7.673445283549795455e-07 1.000000000000000000e+00
-3.424665949697069307e-07 1.000000000000000000e+00
-2.394384793133790760e-07 1.000000000000000000e+00
-1.221610922147136877e-07 1.000000000000000000e+00
1.685204544423664329e-07 1.000000000000000000e+00
-5.119735119141063914e-07 1.000000000000000000e+00
5.095411357610984734e-07 1.000000000000000000e+00
5.521064010922224653e-08 1.000000000000000000e+00
9.400229919587568774e-07 1.000000000000000000e+00
-7.159789600264040508e-07 1.000000000000000000e+00
-6.562219337462428093e-07 1.000000000000000000e+00
5.686998690574596495e-07 1.000000000000000000e+00
-6.830844213383484714e-07 1.000000000000000000e+00
-7.472350522476127284e-07 1.000000000000000000e+00
1.189693920922161368e-06 1.000000000000000000e+00
5.699002033713163043e-07 1.000000000000000000e+00
3.623395779414952807e-07 1.000000000000000000e+00
-2.854141026326680361e-07 1.000000000000000000e+00
-7.363979428378641354e-07 1.000000000000000000e+00
9.189988202022969232e-08 1.000000000000000000e+00
-8.518034180849229163e-08 1.000000000000000000e+00
7.419470363500872847e-07 1.000000000000000000e+00
-7.844488383526732651e-07 1.000000000000000000e+00
-3.334522867715440927e-07 1.000000000000000000e+00
9.702832879859724921e-07 1.000000000000000000e+00
3.450562663801506118e-07 1.000000000000000000e+00
-3.198486756021284119e-07 1.000000000000000000e+00
