8.878031925803190390e-05 1.000000000000000000e+00
-1.151792463902065870e-05 1.000000000000000000e+00
-7.771610765214065971e-05 1.000000000000000000e+00
6.341925525349260181e-05 1.000000000000000000e+00
-9.455252019100805853e-06 1.000000000000000000e+00
-3.709930875701111731e-04 1.000000000000000000e+00
8.518899748797536804e-05 1.000000000000000000e+00
1.423551990228441729e-04 1.000000000000000000e+00
-1.434850809628669955e-07 1.000000000000000000e+00
-4.833106270766304551e-04 1.000000000000000000e+00
-1.901728979094072965e-05 1.000000000000000000e+00
-1.105078424222983463e-04 1.000000000000000000e+00
1.815497019876651265e-05 1.000000000000000000e+00
-1.474496003477696699e-04 1.000000000000000000e+00
-8.632345211240141083e-05 1.000000000000000000e+00
1.290217095086647212e-05 1.000000000000000000e+00
6.631826364285300284e-05 1.000000000000000000e+00
5.638788523586446409e-05 1.000000000000000000e+00
-3.298519403728452227e-04 1.000000000000000000e+00
-3.051559500750211933e-05 1.000000000000000000e+00
-1.003361961799923048e-04 1.000000000000000000e+00
4.988288424055415962e-06 1.000000000000000000e+00
7.821301003544367232e-05 1.000000000000000000e+00
-1.166707777905899800e-05 1.000000000000000000e+00
1.427899431001117057e-05 1.000000000000000000e+00
-6.922853809641670356e-05 1.000000000000000000e+00
4.850461097216374602e-05 1.000000000000000000e+00
-1.595042088315741879e-05 1.000000000000000000e+00
-7.525585857797090954e-05 1.000000000000000000e+00
5.153390971887396478e-05 1.000000000000000000e+00
-3.149343004143626338e-05 1.000000000000000000e+00
7.949404468640806258e-04 1.000000000000000000e+00
7.977582566548128550e-05 1.000000000000000000e+00
3.602127012079035903e-05 1.000000000000000000e+00
-1.722290820140249935e-05 1.000000000000000000e+00
2.892124767642909240e-05 1.000000000000000000e+00
1.120652989966122644e-04 1.000000000000000000e+00
1.298835008054729953e-05 1.000000000000000000e+00
-6.300774058306992786e-05 1.000000000000000000e+00
3.258345725594909056e-05 1.000000000000000000e+00
-5.308015229722779902e-06 1.000000000000000000e+00
8.167558867053399674e-05 1.000000000000000000e+00
-9.534391980038944730e-06 1.000000000000000000e+00
6.019416131765099626e-05 1.000000000000000000e+00
-4.399756681093163803e-05 1.000000000000000000e+00
-1.712374251767660282e-04 1.000000000000000000e+00
-4.735631921465553458e-05 1.000000000000000000e+00
-1.619488415129277561e-04 1.000000000000000000e+00
-2.455946950715365892e-04 1.000000000000000000e+00
-1.792689544088393459e-05 1.000000000000000000e+00
4.587054175851801053e-05 1.000000000000000000e+00
-7.189932538686253868e-05 1.000000000000000000e+00
-1.108790556219577708e-05 1.000000000000000000e+00
1.180384738337850684e-05 1.000000000000000000e+00
-5.930731776601544559e-05 1.000000000000000000e+00
4.931027097418701162e-05 1.000000000000000000e+00
-6.973154997585124130e-06 1.000000000000000000e+00
-6.959518828163453275e-05 1.000000000000000000e+00
3.658587547101791506e-05 1.000000000000000000e+00
2.080006314464680987e-05 1.000000000000000000e+00
1.490642466822592494e-04 1.000000000000000000e+00
-6.305491556812575955e-05 1.000000000000000000e+00
-4.194343272113758292e-05 1.000000000000000000e+00
3.536835035604029247e-05 1.000000000000000000e+00
-5.744180771690306751e-05 1.000000000000000000e+00
7.666160921016625123e-06 1.000000000000000000e+00
1.029851940023184187e-04 1.000000000000000000e+00
-6.007879147671489986e-05 1.000000000000000000e+00
-4.356320993703363469e-05 1.000000000000000000e+00
-1.616272882357770179e-06 1.000000000000000000e+00
4.843346776904950990e-05 1.000000000000000000e+00
4.769518129916760363e-05 1.000000000000000000e+00
-1.845155049845642400e-05 1.000000000000000000e+00
-8.959985175645783896e-05 1.000000000000000000e+00
2.134778148769507635e-05 1.000000000000000000e+00
1.247607467408471272e-04 1.000000000000000000e+00
-9.827845229528054370e-05 1.000000000000000000e+00
-9.229864692801798085e-05 1.000000000000000000e+00
-7.594293272193714678e-05 1.000000000000000000e+00
3.549797556415464484e-06 1.000000000000000000e+00
6.562012249289672443e-06 1.000000000000000000e+00
6.560315339166223475e-05 1.000000000000000000e+00
-8.288200281854258319e-05 1.000000000000000000e+00
1.727460035359309974e-05 1.000000000000000000e+00
-5.173158599560255007e-05 1.000000000000000000e+00
-4.523757973199462907e-05 1.000000000000000000e+00
-1.579567861863184969e-05 1.000000000000000000e+00
-1.411510602461536902e-06 1.000000000000000000e+00
3.052128170383875799e-05 1.000000000000000000e+00
5.112561515493834336e-05 1.000000000000000000e+00
2.329886168626163522e-04 1.000000000000000000e+00
-1.578111632080036344e-05 1.000000000000000000e+00
-5.817129442954133102e-05 1.000000000000000000e+00
-2.069510926597314378e-06 1.000000000000000000e+00
4.634843502926114181e-06 1.000000000000000000e+00
-5.759180795852032389e-05 1.000000000000000000e+00
-9.132517021917122078e-05 1.000000000000000000e+00
1.938039401105337057e-04 1.000000000000000000e+00
-2.218537403586434562e-05 1.000000000000000000e+00
3.174757432048836271e-05 1.000000000000000000e+00
1.045733118731860252e-05 1.000000000000000000e+00
-3.504484880705905514e-05 1.000000000000000000e+00
-8.156056192965885270e-06 1.000000000000000000e+00
8.508539276665345928e-05 1.000000000000000000e+00
7.951382599777593750e-05 1.000000000000000000e+00
2.619824920800442060e-04 1.000000000000000000e+00
-5.429288789224182748e-05 1.000000000000000000e+00
-2.194241384655159274e-05 1.000000000000000000e+00
-6.934650971722796243e-05 1.000000000000000000e+00
1.842383720873964778e-05 1.000000000000000000e+00
1.650123124132947698e-05 1.000000000000000000e+00
5.463416076310708144e-06 1.000000000000000000e+00
-2.550548663484445840e-05 1.000000000000000000e+00
3.987905269914116180e-05 1.000000000000000000e+00
6.027670426999599660e-05 1.000000000000000000e+00
2.362695367663739335e-05 1.000000000000000000e+00
3.397593929670795148e-05 1.000000000000000000e+00
6.719761894581981584e-06 1.000000000000000000e+00
-2.354466980125960554e-05 1.000000000000000000e+00
1.992391209311379684e-05 1.000000000000000000e+00
5.940469923580537467e-05 1.000000000000000000e+00
3.154106410513317051e-05 1.000000000000000000e+00
9.419731168434770344e-06 1.000000000000000000e+00
7.584314612583309856e-05 1.000000000000000000e+00
-5.098361159535661684e-05 1.000000000000000000e+00
1.299890104143824421e-04 1.000000000000000000e+00
-1.193127271207504767e-05 1.000000000000000000e+00
-1.656585404906896176e-04 1.000000000000000000e+00
2.195725036182051538e-05 1.000000000000000000e+00
6.651887098153994526e-05 1.000000000000000000e+00
-6.637176427691913151e-06 1.000000000000000000e+00
-1.918975974097209114e-05 1.000000000000000000e+00
3.260586334381913458e-05 1.000000000000000000e+00
1.069455687397832793e-05 1.000000000000000000e+00
-3.734801590340362337e-05 1.000000000000000000e+00
3.077227835570441511e-05 1.000000000000000000e+00
4.288093482557343297e-05 1.000000000000000000e+00
6.388458124730782800e-06 1.000000000000000000e+00
-1.375923555808284908e-05 1.000000000000000000e+00
6.080807979605597761e-05 1.000000000000000000e+00
1.235934983975848374e-05 1.000000000000000000e+00
-1.733138210208890232e-04 1.000000000000000000e+00
-2.205453341530060364e-05 1.000000000000000000e+00
2.518102735290542749e-05 1.000000000000000000e+00
1.852972268207784797e-05 1.000000000000000000e+00
4.950368552941730049e-05 1.000000000000000000e+00
-1.783300128076712192e-04 1.000000000000000000e+00
-1.895032494906246300e-05 1.000000000000000000e+00
3.001635806043142932e-04 1.000000000000000000e+00
5.191553846683321120e-04 1.000000000000000000e+00
-1.798864969067487721e-04 1.000000000000000000e+00
2.249621236076805499e-03 1.000000000000000000e+00
3.644076551537902489e-06 1.000000000000000000e+00
-3.925630652070746866e-05 1.000000000000000000e+00
1.484648563359062395e-03 1.000000000000000000e+00
-1.206022572482333031e-04 1.000000000000000000e+00
-1.243605438676917427e-05 1.000000000000000000e+00
9.731634587376044009e-07 1.000000000000000000e+00
-7.126555064150631225e-05 1.000000000000000000e+00
2.242180015031035976e-05 1.000000000000000000e+00
-8.799222472709943119e-05 1.000000000000000000e+00
-3.130463999866050330e-05 1.000000000000000000e+00
3.433246985394730318e-05 1.000000000000000000e+00
1.976263262188911350e-05 1.000000000000000000e+00
-1.524852980507358942e-04 1.000000000000000000e+00
-1.478050304183469814e-05 1.000000000000000000e+00
-3.275067314632146965e-05 1.000000000000000000e+00
-1.420722502037389168e-04 1.000000000000000000e+00
4.758949983397304725e-05 1.000000000000000000e+00
-1.291853117658760860e-04 1.000000000000000000e+00
7.913805337012312690e-04 1.000000000000000000e+00
1.271334519207422548e-03 1.000000000000000000e+00
2.522092943849364621e-05 1.000000000000000000e+00
-1.007345607757225851e-04 1.000000000000000000e+00
5.381769237023712837e-05 1.000000000000000000e+00
2.048411509214067324e-04 1.000000000000000000e+00
-2.424466622536912332e-05 1.000000000000000000e+00
1.157366585170090069e-04 1.000000000000000000e+00
-2.740458119609245446e-04 1.000000000000000000e+00
-3.680305212581401518e-04 1.000000000000000000e+00
-1.143528305992941799e-05 1.000000000000000000e+00
-1.445474120142961855e-04 1.000000000000000000e+00
6.572704871809623747e-05 1.000000000000000000e+00
2.264488415771584770e-05 1.000000000000000000e+00
4.425525098816112442e-05 1.000000000000000000e+00
-7.687862107925309536e-05 1.000000000000000000e+00
-1.151402819791023658e-04 1.000000000000000000e+00
3.175256283702992277e-05 1.000000000000000000e+00
-5.612587900051589049e-05 1.000000000000000000e+00
-2.450644184227655895e-04 1.000000000000000000e+00
7.011069394800737928e-05 1.000000000000000000e+00
1.205113987579227170e-04 1.000000000000000000e+00
-7.245916832547578273e-05 1.000000000000000000e+00
6.346491041365264298e-05 1.000000000000000000e+00
-7.437316608739622968e-04 1.000000000000000000e+00
9.436309905487615278e-06 1.000000000000000000e+00
-3.894994776091363007e-05 1.000000000000000000e+00
-3.820952791487033321e-04 1.000000000000000000e+00
1.756433570431167369e-04 1.000000000000000000e+00
4.718705565345964500e-05 1.000000000000000000e+00
4.467869601688841265e-05 1.000000000000000000e+00
5.384849364352623983e-05 1.000000000000000000e+00
6.034134190668125465e-05 1.000000000000000000e+00
2.314717633576573248e-04 1.000000000000000000e+00
-1.399422984386179442e-04 1.000000000000000000e+00
-1.904843886160118827e-05 1.000000000000000000e+00
6.298711289031533973e-05 1.000000000000000000e+00
-2.738000315423997356e-05 1.000000000000000000e+00
-4.807312886530159342e-05 1.000000000000000000e+00
-1.546060437927855905e-04 1.000000000000000000e+00
-5.880971473698528022e-05 1.000000000000000000e+00
-3.119414195996730009e-06 1.000000000000000000e+00
1.598182513498997054e-06 1.000000000000000000e+00
3.715302840735548967e-05 1.000000000000000000e+00
-3.277391900464658562e-05 1.000000000000000000e+00
-2.718094111292116541e-05 1.000000000000000000e+00
1.265600070172498263e-04 1.000000000000000000e+00
7.650864860338889978e-05 1.000000000000000000e+00
-1.243546375018211305e-04 1.000000000000000000e+00
-3.846466831782500723e-05 1.000000000000000000e+00
-3.274208107120054684e-05 1.000000000000000000e+00
-1.209431605706214936e-04 1.000000000000000000e+00
-1.365420912958731185e-04 1.000000000000000000e+00
-7.838730709216058627e-05 1.000000000000000000e+00
3.885514160142972573e-05 1.000000000000000000e+00
1.224410966862826125e-04 1.000000000000000000e+00
-1.867021050586549068e-04 1.000000000000000000e+00
-2.639207048948798596e-05 1.000000000000000000e+00
-9.288749295013941452e-05 1.000000000000000000e+00
1.231333134015058731e-05 1.000000000000000000e+00
-3.116376444657778879e-05 1.000000000000000000e+00
3.786307743488626852e-05 1.000000000000000000e+00
9.648695557658878812e-05 1.000000000000000000e+00
-5.836810803796819389e-05 1.000000000000000000e+00
1.353726096423279166e-04 1.000000000000000000e+00
7.248995298886794431e-05 1.000000000000000000e+00
-2.257141426337357898e-05 1.000000000000000000e+00
-3.904131216963841345e-05 1.000000000000000000e+00
-6.039343468755986198e-05 1.000000000000000000e+00
-1.207437604949125604e-05 1.000000000000000000e+00
1.075553057709308557e-04 1.000000000000000000e+00
6.703977506599197069e-05 1.000000000000000000e+00
1.967486594703409277e-06 1.000000000000000000e+00
-3.229395727338964342e-05 1.000000000000000000e+00
-5.904161966415242273e-06 1.000000000000000000e+00
-1.979081048623639125e-04 1.000000000000000000e+00
1.642411993491658590e-05 1.000000000000000000e+00
-1.042930391032046821e-04 1.000000000000000000e+00
5.935014504632987915e-05 1.000000000000000000e+00
8.038828093246819641e-05 1.000000000000000000e+00
-3.912401021050554369e-05 1.000000000000000000e+00
2.773038653943353524e-05 1.000000000000000000e+00
-2.046963133694439327e-05 1.000000000000000000e+00
-8.390269566723940133e-05 1.000000000000000000e+00
-8.697000846159694482e-05 1.000000000000000000e+00
2.926362435496380460e-05 1.000000000000000000e+00
6.576236256362183712e-05 1.000000000000000000e+00
4.197433053282796368e-05 1.000000000000000000e+00
-5.361314703251621107e-05 1.000000000000000000e+00
-5.687636913064650915e-05 1.000000000000000000e+00
9.357380971333118154e-05 1.000000000000000000e+00
-1.627251406717843455e-04 1.000000000000000000e+00
-2.264286209901677160e-05 1.000000000000000000e+00
-4.421869268258830606e-05 1.000000000000000000e+00
8.679516614961314626e-06 1.000000000000000000e+00
1.477655634193102358e-04 1.000000000000000000e+00
-6.456289207090695379e-05 1.000000000000000000e+00
-3.227218852755802482e-05 1.000000000000000000e+00
1.156937943515243689e-04 1.000000000000000000e+00
8.059677688406117709e-05 1.000000000000000000e+00
-2.078896729853925939e-05 1.000000000000000000e+00
-4.374477118536857536e-05 1.000000000000000000e+00
4.189475897916684378e-05 1.000000000000000000e+00
3.570503852952470878e-05 1.000000000000000000e+00
4.286878963030414002e-05 1.000000000000000000e+00
2.187129530303074109e-05 1.000000000000000000e+00
-2.501972064722784463e-05 1.000000000000000000e+00
4.940606526728593442e-05 1.000000000000000000e+00
2.715125075911999935e-05 1.000000000000000000e+00
-2.765789612401172616e-05 1.000000000000000000e+00
-1.080156635584415397e-04 1.000000000000000000e+00
5.623636454705001922e-05 1.000000000000000000e+00
-6.033204227380604897e-05 1.000000000000000000e+00
1.345033693642398601e-04 1.000000000000000000e+00
-1.452289702514288820e-04 1.000000000000000000e+00
2.705097681171917133e-05 1.000000000000000000e+00
3.941037383686536106e-06 1.000000000000000000e+00
-4.256637651894380746e-06 1.000000000000000000e+00
7.998366125669444386e-05 1.000000000000000000e+00
-5.660043882385460724e-05 1.000000000000000000e+00
6.468309607997712175e-05 1.000000000000000000e+00
-3.142563519658823776e-05 1.000000000000000000e+00
5.924701282823373192e-06 1.000000000000000000e+00
-3.785449455099706935e-06 1.000000000000000000e+00
2.851495027079690466e-05 1.000000000000000000e+00
-9.911258611975079275e-05 1.000000000000000000e+00
7.449915039375830688e-06 1.000000000000000000e+00
-6.202858042710980387e-06 1.000000000000000000e+00
-1.244349635859587811e-04 1.000000000000000000e+00
4.434788865921902732e-05 1.000000000000000000e+00
-2.917072899985988829e-05 1.000000000000000000e+00
-5.274887206284459561e-05 1.000000000000000000e+00
-5.707694441249019277e-06 1.000000000000000000e+00
-5.390109246428022164e-05 1.000000000000000000e+00
-7.864289601420413052e-06 1.000000000000000000e+00
3.161470847711168641e-05 1.000000000000000000e+00
1.112642163888420227e-05 1.000000000000000000e+00
1.777741969842720564e-04 1.000000000000000000e+00
9.443905963495648998e-06 1.000000000000000000e+00
-1.008292727566138238e-05 1.000000000000000000e+00
-2.439865611320146446e-05 1.000000000000000000e+00
4.283726692345366004e-05 1.000000000000000000e+00
-1.473099640672135100e-05 1.000000000000000000e+00
-4.628580816669547937e-05 1.000000000000000000e+00
1.405607034811950787e-06 1.000000000000000000e+00
6.166707856057271082e-05 1.000000000000000000e+00
-3.002657176315538646e-05 1.000000000000000000e+00
5.326054753810638193e-05 1.000000000000000000e+00
3.522822103517437811e-05 1.000000000000000000e+00
1.546111918867804189e-04 1.000000000000000000e+00
-1.102823144575848514e-05 1.000000000000000000e+00
-1.111747711238473322e-05 1.000000000000000000e+00
1.069714853895914789e-04 1.000000000000000000e+00
-9.114060696482068741e-06 1.000000000000000000e+00
-7.851070086451905508e-05 1.000000000000000000e+00
2.676892183664984247e-05 1.000000000000000000e+00
-4.301164565212089108e-05 1.000000000000000000e+00
2.952866307386269821e-04 1.000000000000000000e+00
-5.565167384536089129e-05 1.000000000000000000e+00
2.427831859439077487e-05 1.000000000000000000e+00
2.333645812425101066e-04 1.000000000000000000e+00
8.150551858430337467e-05 1.000000000000000000e+00
-7.505786481296421143e-05 1.000000000000000000e+00
2.271864139197212146e-04 1.000000000000000000e+00
7.391214376451787503e-05 1.000000000000000000e+00
6.257315253534826978e-05 1.000000000000000000e+00
-4.104248938288208940e-05 1.000000000000000000e+00
2.748310832577973697e-06 1.000000000000000000e+00
6.815386533597877193e-05 1.000000000000000000e+00
1.026878227017619956e-04 1.000000000000000000e+00
5.822188876347005656e-05 1.000000000000000000e+00
2.579843038011271606e-04 1.000000000000000000e+00
-6.396936081272303922e-05 1.000000000000000000e+00
-4.404611494090777916e-06 1.000000000000000000e+00
-6.088459443205922108e-04 1.000000000000000000e+00
5.600679021058185017e-05 1.000000000000000000e+00
-1.351050683903800171e-05 1.000000000000000000e+00
3.800342632667498045e-05 1.000000000000000000e+00
4.548395422882902143e-05 1.000000000000000000e+00
-7.171622312161776897e-05 1.000000000000000000e+00
-1.916034571637060223e-04 1.000000000000000000e+00
-1.156038330878426051e-05 1.000000000000000000e+00
-1.124934862853872107e-04 1.000000000000000000e+00
3.076920449424281099e-05 1.000000000000000000e+00
-6.243850606160982744e-05 1.000000000000000000e+00
-5.541368381759240750e-05 1.000000000000000000e+00
2.984479927434823538e-05 1.000000000000000000e+00
5.474249537578638330e-05 1.000000000000000000e+00
2.724917393698874011e-05 1.000000000000000000e+00
9.353016095835507059e-06 1.000000000000000000e+00
6.887477130499561275e-05 1.000000000000000000e+00
-2.518945565940459291e-04 1.000000000000000000e+00
-1.947603624115155625e-06 1.000000000000000000e+00
4.541913472449160647e-05 1.000000000000000000e+00
2.913347315671377800e-05 1.000000000000000000e+00
2.344198889262805134e-06 1.000000000000000000e+00
-1.275336782021016155e-04 1.000000000000000000e+00
6.038200274116470241e-05 1.000000000000000000e+00
5.444140133096299236e-05 1.000000000000000000e+00
-3.651354338614067009e-05 1.000000000000000000e+00
4.858214969730614271e-05 1.000000000000000000e+00
-2.114749279966145247e-05 1.000000000000000000e+00
-7.905004121813504901e-05 1.000000000000000000e+00
6.892883066443086370e-05 1.000000000000000000e+00
-2.051848868670901144e-05 1.000000000000000000e+00
-2.825713373960946195e-05 1.000000000000000000e+00
-5.926364686909741563e-05 1.000000000000000000e+00
-3.757423071608616548e-05 1.000000000000000000e+00
6.114155951052008492e-05 1.000000000000000000e+00
4.181444074421794012e-05 1.000000000000000000e+00
8.688778649363525030e-06 1.000000000000000000e+00
3.570006243665080705e-05 1.000000000000000000e+00
-1.845484149007869403e-04 1.000000000000000000e+00
1.452808900047837264e-05 1.000000000000000000e+00
6.085680499501988351e-05 1.000000000000000000e+00
1.256305460609872279e-04 1.000000000000000000e+00
-3.644837558967233594e-06 1.000000000000000000e+00
-4.057273556067641823e-05 1.000000000000000000e+00
1.847441472211640639e-05 1.000000000000000000e+00
2.085871398658825548e-05 1.000000000000000000e+00
-2.267042247005016575e-04 1.000000000000000000e+00
-7.430988466163561011e-04 1.000000000000000000e+00
-6.668676158604000548e-05 1.000000000000000000e+00
3.108713625329291856e-05 1.000000000000000000e+00
-6.602525626193491433e-06 1.000000000000000000e+00
-6.226160364071626205e-05 1.000000000000000000e+00
-1.858354093486378438e-05 1.000000000000000000e+00
9.718506392344620625e-05 1.000000000000000000e+00
1.658171440289230264e-04 1.000000000000000000e+00
2.602085539689888449e-04 1.000000000000000000e+00
-1.482299082509738196e-05 1.000000000000000000e+00
-1.098663890044738422e-06 1.000000000000000000e+00
-3.572939009549814735e-04 1.000000000000000000e+00
1.054498543233658888e-04 1.000000000000000000e+00
1.938751027629780413e-04 1.000000000000000000e+00
-4.538512561792772837e-05 1.000000000000000000e+00
-4.695372378790488773e-06 1.000000000000000000e+00
8.154518999851699689e-06 1.000000000000000000e+00
1.147435570486648848e-05 1.000000000000000000e+00
2.015988027873036572e-05 1.000000000000000000e+00
-3.373942104013799960e-05 1.000000000000000000e+00
1.204414958163885777e-04 1.000000000000000000e+00
1.240988460459992636e-05 1.000000000000000000e+00
-7.580733590647182837e-05 1.000000000000000000e+00
-1.316357864603763314e-05 1.000000000000000000e+00
-7.069219472296968908e-05 1.000000000000000000e+00
6.027011877300628606e-05 1.000000000000000000e+00
6.237254477867095089e-05 1.000000000000000000e+00
-3.070377864886124987e-05 1.000000000000000000e+00
7.747831248801752366e-05 1.000000000000000000e+00
-2.726667343762137247e-04 1.000000000000000000e+00
1.585668378455656649e-05 1.000000000000000000e+00
8.987664939645600721e-05 1.000000000000000000e+00
6.816901049520346530e-05 1.000000000000000000e+00
-1.759060259319846203e-04 1.000000000000000000e+00
-4.619881197287503878e-04 1.000000000000000000e+00
-8.526954525289222060e-05 1.000000000000000000e+00
-1.034361826470901779e-04 1.000000000000000000e+00
5.222531818317047245e-04 1.000000000000000000e+00
-1.649005181479199931e-04 1.000000000000000000e+00
2.659883612744067547e-04 1.000000000000000000e+00
8.173655377755651731e-05 1.000000000000000000e+00
2.601800176218432132e-04 1.000000000000000000e+00
-9.677188037719779102e-05 1.000000000000000000e+00
3.054010850907915757e-04 1.000000000000000000e+00
1.715001294478163657e-05 1.000000000000000000e+00
-5.321921768513508818e-05 1.000000000000000000e+00
2.118808319859262987e-06 1.000000000000000000e+00
-6.886623410391178046e-05 1.000000000000000000e+00
-9.069446065650004255e-06 1.000000000000000000e+00
8.857833490230696818e-05 1.000000000000000000e+00
-1.131272698617375565e-05 1.000000000000000000e+00
-5.454502737660724783e-05 1.000000000000000000e+00
-2.626936459634875479e-04 1.000000000000000000e+00
1.864732460165075757e-05 1.000000000000000000e+00
-6.317746758417410640e-05 1.000000000000000000e+00
-5.825391408507724252e-05 1.000000000000000000e+00
6.752379253927735654e-06 1.000000000000000000e+00
-1.995245916904783473e-04 1.000000000000000000e+00
6.739708835208677409e-05 1.000000000000000000e+00
5.914123650026148791e-05 1.000000000000000000e+00
-2.519163180313423417e-05 1.000000000000000000e+00
6.369835293083699306e-05 1.000000000000000000e+00
1.434166993628676365e-04 1.000000000000000000e+00
-7.185240503680874209e-05 1.000000000000000000e+00
-3.836664466297074974e-05 1.000000000000000000e+00
1.376926163318365758e-05 1.000000000000000000e+00
5.104017740371544209e-04 1.000000000000000000e+00
4.560898278463484555e-04 1.000000000000000000e+00
-1.204442922243598776e-04 1.000000000000000000e+00
-1.503417614871158114e-04 1.000000000000000000e+00
8.600725701691883400e-05 1.000000000000000000e+00
9.092564405461529126e-05 1.000000000000000000e+00
1.903917192166403388e-05 1.000000000000000000e+00
-4.271671268476717417e-05 1.000000000000000000e+00
-1.240098488902718560e-05 1.000000000000000000e+00
-8.678162553570153320e-06 1.000000000000000000e+00
-5.404072428432818586e-06 1.000000000000000000e+00
-6.104179006172230312e-05 1.000000000000000000e+00
-8.329728150732127736e-05 1.000000000000000000e+00
-2.091898518566053617e-04 1.000000000000000000e+00
3.973915970559033245e-05 1.000000000000000000e+00
6.871620451062708556e-05 1.000000000000000000e+00
4.061014653932619125e-05 1.000000000000000000e+00
-4.769856802916116594e-05 1.000000000000000000e+00
-8.958084097106575440e-06 1.000000000000000000e+00
-2.752525315967238210e-05 1.000000000000000000e+00
-1.402036649256989864e-04 1.000000000000000000e+00
4.907956904738411272e-05 1.000000000000000000e+00
-3.388401430919592766e-05 1.000000000000000000e+00
3.738711164769193220e-05 1.000000000000000000e+00
-4.099942449549913410e-05 1.000000000000000000e+00
9.732849064583323119e-06 1.000000000000000000e+00
4.310189776378996434e-04 1.000000000000000000e+00
-5.477158772216442250e-04 1.000000000000000000e+00
3.207760177646828113e-05 1.000000000000000000e+00
-6.553795938750104556e-06 1.000000000000000000e+00
-3.480459238283430947e-04 1.000000000000000000e+00
-3.503839779843533818e-05 1.000000000000000000e+00
-8.334366616397290015e-06 1.000000000000000000e+00
2.261409194987810164e-05 1.000000000000000000e+00
-4.264965179382321019e-05 1.000000000000000000e+00
-9.012690212084412532e-06 1.000000000000000000e+00
1.532566816911173707e-04 1.000000000000000000e+00
1.548405720955400508e-04 1.000000000000000000e+00
5.340426894105370476e-05 1.000000000000000000e+00
-5.885814050699359758e-05 1.000000000000000000e+00
6.416217925072801665e-04 1.000000000000000000e+00
4.796629003029459531e-05 1.000000000000000000e+00
1.349811204167205301e-03 1.000000000000000000e+00
1.313361638059527235e-05 1.000000000000000000e+00
-3.716711753043422227e-05 1.000000000000000000e+00
1.904683251875975269e-03 1.000000000000000000e+00
3.576072851885301468e-05 1.000000000000000000e+00
-4.451496204362444573e-05 1.000000000000000000e+00
5.742490069924375640e-05 1.000000000000000000e+00
2.711001527578653540e-05 1.000000000000000000e+00
-1.441412811622267754e-04 1.000000000000000000e+00
7.745207822538090149e-05 1.000000000000000000e+00
-6.313468616188849325e-05 1.000000000000000000e+00
7.728337952411622061e-05 1.000000000000000000e+00
4.423515307383098076e-05 1.000000000000000000e+00
-5.316712153837228324e-05 1.000000000000000000e+00
2.009865231376450364e-05 1.000000000000000000e+00
-1.933584397688160362e-05 1.000000000000000000e+00
-8.009301753837773971e-05 1.000000000000000000e+00
-2.031714789230670335e-05 1.000000000000000000e+00
5.335635157209781844e-05 1.000000000000000000e+00
1.523592473645034460e-05 1.000000000000000000e+00
-2.735941085035466388e-04 1.000000000000000000e+00
3.504016571622261476e-05 1.000000000000000000e+00
4.267676229790789565e-04 1.000000000000000000e+00
-1.458800290362654770e-05 1.000000000000000000e+00
-1.050880477942924029e-04 1.000000000000000000e+00
-5.451980312392578644e-05 1.000000000000000000e+00
8.228244615978727941e-05 1.000000000000000000e+00
-2.833089956773080366e-04 1.000000000000000000e+00
-1.597828958159167490e-04 1.000000000000000000e+00
-5.499754154799490618e-05 1.000000000000000000e+00
-1.410606550290703805e-04 1.000000000000000000e+00
-1.118754850384586115e-04 1.000000000000000000e+00
7.820754892531465909e-05 1.000000000000000000e+00
4.313805777546461472e-05 1.000000000000000000e+00
1.290050233808696305e-04 1.000000000000000000e+00
3.856040598425613565e-04 1.000000000000000000e+00
3.758527446951071129e-05 1.000000000000000000e+00
5.043747101540552370e-05 1.000000000000000000e+00
-4.773688500886705185e-05 1.000000000000000000e+00
-1.342600877757324209e-05 1.000000000000000000e+00
-5.705218730751016676e-06 1.000000000000000000e+00
2.629830250273428819e-04 1.000000000000000000e+00
3.905500909332893064e-04 1.000000000000000000e+00
2.079159329435939919e-05 1.000000000000000000e+00
8.145567493289396894e-05 1.000000000000000000e+00
-1.361682125307669261e-04 1.000000000000000000e+00
-6.865102782587861893e-06 1.000000000000000000e+00
1.501355682488174923e-05 1.000000000000000000e+00
-2.496082209165280852e-04 1.000000000000000000e+00
8.182212283343324443e-06 1.000000000000000000e+00
-2.776156675320923099e-04 1.000000000000000000e+00
-2.990609260266586944e-05 1.000000000000000000e+00
-1.899156759958992859e-04 1.000000000000000000e+00
-3.813567594098086772e-05 1.000000000000000000e+00
-1.693910666317174690e-04 1.000000000000000000e+00
-8.142195824734279480e-05 1.000000000000000000e+00
-6.808305961350970411e-05 1.000000000000000000e+00
-6.856041752050506127e-05 1.000000000000000000e+00
-5.627238061075040841e-05 1.000000000000000000e+00
1.246118367418417723e-05 1.000000000000000000e+00
-6.229993745079511294e-05 1.000000000000000000e+00
-5.115288790508791517e-05 1.000000000000000000e+00
4.578263087058681910e-05 1.000000000000000000e+00
-1.189715748989049638e-05 1.000000000000000000e+00
9.631908436792154101e-05 1.000000000000000000e+00
1.756143424546304519e-04 1.000000000000000000e+00
-1.850193813899136269e-04 1.000000000000000000e+00
-3.562199822175394115e-04 1.000000000000000000e+00
1.168550104282784852e-04 1.000000000000000000e+00
1.395334747067746017e-04 1.000000000000000000e+00
1.650996470835421168e-04 1.000000000000000000e+00
-3.385244857511344248e-05 1.000000000000000000e+00
-1.068380352415664427e-04 1.000000000000000000e+00
-1.362417298449394203e-04 1.000000000000000000e+00
6.731538904540113456e-05 1.000000000000000000e+00
-1.521942180461432105e-06 1.000000000000000000e+00
-1.092184400690571195e-04 1.000000000000000000e+00
5.565640847703776133e-05 1.000000000000000000e+00
-8.381442338376708559e-05 1.000000000000000000e+00
-1.427541069525827145e-05 1.000000000000000000e+00
4.866070499823850368e-05 1.000000000000000000e+00
1.743830669795750038e-04 1.000000000000000000e+00
9.489722158301466901e-04 1.000000000000000000e+00
-3.728641805251429298e-05 1.000000000000000000e+00
1.270923678758692076e-04 1.000000000000000000e+00
-3.954440445886373652e-04 1.000000000000000000e+00
-1.755570418819227421e-07 1.000000000000000000e+00
-5.335813567237741899e-05 1.000000000000000000e+00
-7.699419954436906722e-05 1.000000000000000000e+00
2.815411039066068499e-05 1.000000000000000000e+00
5.842167769872777180e-04 1.000000000000000000e+00
2.702820324301673553e-05 1.000000000000000000e+00
1.204042366493682546e-04 1.000000000000000000e+00
1.267736787681243086e-04 1.000000000000000000e+00
-1.129743678401659259e-04 1.000000000000000000e+00
-2.121928848562685765e-05 1.000000000000000000e+00
-2.923966294051894363e-05 1.000000000000000000e+00
-4.654170258220519004e-05 1.000000000000000000e+00
4.187552070107001108e-05 1.000000000000000000e+00
-1.483058900885220091e-04 1.000000000000000000e+00
1.274123460019688085e-04 1.000000000000000000e+00
1.681676652451941816e-04 1.000000000000000000e+00
-7.569576346496510256e-04 1.000000000000000000e+00
1.516405749326575853e-04 1.000000000000000000e+00
-5.824708118075269209e-05 1.000000000000000000e+00
2.118268485039394948e-05 1.000000000000000000e+00
1.655184907772940721e-04 1.000000000000000000e+00
2.007394213391467492e-04 1.000000000000000000e+00
1.437327010395809989e-04 1.000000000000000000e+00
3.936610540947422057e-04 1.000000000000000000e+00
3.623508586830506879e-05 1.000000000000000000e+00
3.699550761095401563e-04 1.000000000000000000e+00
5.977639877385584682e-05 1.000000000000000000e+00
-1.969225731600425557e-05 1.000000000000000000e+00
2.211386156173880495e-05 1.000000000000000000e+00
-2.036626176616442322e-04 1.000000000000000000e+00
3.154815234593132459e-05 1.000000000000000000e+00
2.768985790206305119e-05 1.000000000000000000e+00
-5.414482857327047600e-05 1.000000000000000000e+00
-9.125730249789013382e-06 1.000000000000000000e+00
9.325713410821496248e-05 1.000000000000000000e+00
8.806057480223767491e-05 1.000000000000000000e+00
6.764520786556950426e-04 1.000000000000000000e+00
3.051837440123734068e-04 1.000000000000000000e+00
3.944042653019685452e-04 1.000000000000000000e+00
6.379059752284290167e-05 1.000000000000000000e+00
-1.793185795703668844e-05 1.000000000000000000e+00
-2.355830639670888796e-05 1.000000000000000000e+00
-1.046849351536810843e-04 1.000000000000000000e+00
-1.054305157581446193e-04 1.000000000000000000e+00
9.864650056956931936e-05 1.000000000000000000e+00
3.693328987580720789e-06 1.000000000000000000e+00
-1.747332191680312058e-05 1.000000000000000000e+00
-2.982130522658922155e-04 1.000000000000000000e+00
1.838174358955140929e-04 1.000000000000000000e+00
-2.388094075517606263e-05 1.000000000000000000e+00
-1.571774069491780669e-04 1.000000000000000000e+00
-2.435558898159483562e-05 1.000000000000000000e+00
-5.296666479536386000e-05 1.000000000000000000e+00
2.843441096624210171e-05 1.000000000000000000e+00
-2.467695693931342945e-04 1.000000000000000000e+00
-2.813413636640602324e-05 1.000000000000000000e+00
-1.107674584633608404e-04 1.000000000000000000e+00
-2.001310072943191323e-04 1.000000000000000000e+00
2.917747234407438834e-05 1.000000000000000000e+00
1.495200925283767435e-04 1.000000000000000000e+00
-2.726373408225252776e-05 1.000000000000000000e+00
-1.611581925742835368e-04 1.000000000000000000e+00
9.171514193484213320e-05 1.000000000000000000e+00
-8.298040085160404786e-05 1.000000000000000000e+00
1.106874578584301306e-04 1.000000000000000000e+00
-1.784006420322624710e-05 1.000000000000000000e+00
4.119263179304992554e-05 1.000000000000000000e+00
-1.188106904646698913e-04 1.000000000000000000e+00
-2.549696943150628998e-05 1.000000000000000000e+00
-5.850802198957368483e-05 1.000000000000000000e+00
-6.986810443760640629e-05 1.000000000000000000e+00
-8.363493294930031245e-05 1.000000000000000000e+00
-1.551914334594960783e-04 1.000000000000000000e+00
1.212857412153518473e-04 1.000000000000000000e+00
2.114921183304905889e-04 1.000000000000000000e+00
-2.734416452712199269e-05 1.000000000000000000e+00
-1.634140729005304789e-05 1.000000000000000000e+00
4.377095147526236435e-05 1.000000000000000000e+00
8.815645101299926013e-05 1.000000000000000000e+00
-4.242514359644760687e-05 1.000000000000000000e+00
-1.046303207873143477e-04 1.000000000000000000e+00
-2.829351340148649613e-04 1.000000000000000000e+00
1.927387795331237308e-04 1.000000000000000000e+00
5.256883694213226600e-05 1.000000000000000000e+00
3.275198100621889508e-04 1.000000000000000000e+00
-2.510538154826667963e-04 1.000000000000000000e+00
1.017326396725450367e-05 1.000000000000000000e+00
-2.623405268440176974e-04 1.000000000000000000e+00
-2.513400500915231222e-04 1.000000000000000000e+00
7.180425977095360071e-05 1.000000000000000000e+00
5.106978606421360692e-04 1.000000000000000000e+00
-2.943943877499773229e-04 1.000000000000000000e+00
2.205591170412880928e-04 1.000000000000000000e+00
2.991209627227103308e-05 1.000000000000000000e+00
-7.145771831653850394e-06 1.000000000000000000e+00
4.460397132248493920e-06 1.000000000000000000e+00
4.572531414608605707e-05 1.000000000000000000e+00
-4.284403448690305745e-05 1.000000000000000000e+00
6.220814592353223458e-05 1.000000000000000000e+00
-3.117482191843290771e-05 1.000000000000000000e+00
-7.422087187239461988e-06 1.000000000000000000e+00
-7.969780590243103131e-05 1.000000000000000000e+00
6.392809746373489274e-05 1.000000000000000000e+00
-2.860231459414237262e-06 1.000000000000000000e+00
-3.782285318735602883e-05 1.000000000000000000e+00
-1.991868620400918022e-04 1.000000000000000000e+00
2.383208457071401502e-04 1.000000000000000000e+00
-1.951690251854199670e-04 1.000000000000000000e+00
1.106036675934967848e-04 1.000000000000000000e+00
9.043786059655812952e-05 1.000000000000000000e+00
-4.810642768239026550e-05 1.000000000000000000e+00
-4.902769286406255447e-05 1.000000000000000000e+00
1.176259238065896831e-04 1.000000000000000000e+00
9.483979511984697890e-06 1.000000000000000000e+00
1.042981931353095402e-04 1.000000000000000000e+00
-1.159405402516390434e-05 1.000000000000000000e+00
-9.973008735022692779e-05 1.000000000000000000e+00
3.705642091972677967e-05 1.000000000000000000e+00
6.398721646481127321e-04 1.000000000000000000e+00
-1.110206049963811899e-04 1.000000000000000000e+00
-2.664225979456897778e-06 1.000000000000000000e+00
-3.377188335313345926e-04 1.000000000000000000e+00
-9.317753686012454487e-05 1.000000000000000000e+00
-1.816839962049202615e-04 1.000000000000000000e+00
2.131689568127344736e-04 1.000000000000000000e+00
1.689621690062507932e-04 1.000000000000000000e+00
-1.475906856645227601e-04 1.000000000000000000e+00
-3.527128639315599788e-05 1.000000000000000000e+00
5.450668610574501560e-05 1.000000000000000000e+00
9.634644168954578018e-05 1.000000000000000000e+00
2.319106950767414781e-05 1.000000000000000000e+00
6.964632526477955096e-04 1.000000000000000000e+00
-1.053763323442278508e-04 1.000000000000000000e+00
2.129801241886522043e-05 1.000000000000000000e+00
1.114582272221067713e-06 1.000000000000000000e+00
-4.964313234819604743e-05 1.000000000000000000e+00
-1.203368770830696326e-04 1.000000000000000000e+00
1.203098600693960359e-04 1.000000000000000000e+00
-8.408262951504713134e-05 1.000000000000000000e+00
3.740644668324674736e-05 1.000000000000000000e+00
4.281099370416782495e-05 1.000000000000000000e+00
1.496597129536224010e-06 1.000000000000000000e+00
-6.887948941504993888e-05 1.000000000000000000e+00
6.785630053760601400e-05 1.000000000000000000e+00
-1.516076775338311773e-04 1.000000000000000000e+00
1.424080729942065545e-04 1.000000000000000000e+00
-1.800930325115865610e-04 1.000000000000000000e+00
-1.501974046435927744e-04 1.000000000000000000e+00
-4.422877205313673749e-05 1.000000000000000000e+00
-4.244506493729777841e-05 1.000000000000000000e+00
7.485501350550141902e-05 1.000000000000000000e+00
1.512210619568253795e-04 1.000000000000000000e+00
7.166546799066688886e-05 1.000000000000000000e+00
-5.283898074875029009e-05 1.000000000000000000e+00
-3.460199775757828917e-05 1.000000000000000000e+00
3.318632387580346685e-04 1.000000000000000000e+00
-2.274284224785371583e-05 1.000000000000000000e+00
-7.065290650555239944e-05 1.000000000000000000e+00
-3.906531383164644035e-05 1.000000000000000000e+00
6.690492428605267845e-05 1.000000000000000000e+00
-1.996446140709857378e-06 1.000000000000000000e+00
1.481365662735698030e-04 1.000000000000000000e+00
-5.032548339612419184e-05 1.000000000000000000e+00
5.289259627727662641e-05 1.000000000000000000e+00
-5.302636781688894281e-05 1.000000000000000000e+00
-5.955149540573046932e-05 1.000000000000000000e+00
-1.041791863875700711e-04 1.000000000000000000e+00
-1.068526065771652591e-04 1.000000000000000000e+00
5.411509777021498524e-05 1.000000000000000000e+00
1.105940885492718429e-04 1.000000000000000000e+00
-9.835012277383537436e-05 1.000000000000000000e+00
-1.010156977355930924e-04 1.000000000000000000e+00
1.373720167836270449e-05 1.000000000000000000e+00
4.485375889711023221e-05 1.000000000000000000e+00
-4.504584041430488463e-06 1.000000000000000000e+00
-2.331222548338735958e-05 1.000000000000000000e+00
1.108810488673317825e-04 1.000000000000000000e+00
-4.414684866227972697e-05 1.000000000000000000e+00
-1.260384350392143238e-05 1.000000000000000000e+00
4.144416238428541399e-06 1.000000000000000000e+00
-2.906963544173788304e-05 1.000000000000000000e+00
4.968684460314432526e-05 1.000000000000000000e+00
-5.421210183424890087e-05 1.000000000000000000e+00
-1.019739763290378740e-04 1.000000000000000000e+00
3.925213954927033567e-05 1.000000000000000000e+00
1.550191848133111131e-05 1.000000000000000000e+00
-7.887600614833837091e-05 1.000000000000000000e+00
-8.756370766918028297e-05 1.000000000000000000e+00
1.015746586444271252e-04 1.000000000000000000e+00
4.311805594831165351e-05 1.000000000000000000e+00
9.854826189716498494e-05 1.000000000000000000e+00
8.917137153137988403e-05 1.000000000000000000e+00
2.322307858358046021e-05 1.000000000000000000e+00
-1.773410028760854867e-04 1.000000000000000000e+00
5.588362464697475661e-05 1.000000000000000000e+00
1.817683083604007836e-04 1.000000000000000000e+00
1.324668139990577490e-04 1.000000000000000000e+00
1.184240147513635318e-04 1.000000000000000000e+00
1.081026303609816670e-05 1.000000000000000000e+00
4.514959217203272731e-05 1.000000000000000000e+00
1.961665381983093291e-04 1.000000000000000000e+00
-1.050917074750026408e-04 1.000000000000000000e+00
-1.703045635654129589e-05 1.000000000000000000e+00
3.018022510762876444e-05 1.000000000000000000e+00
-4.506137296644788118e-05 1.000000000000000000e+00
6.147671035945290641e-05 1.000000000000000000e+00
1.097556179669281805e-04 1.000000000000000000e+00
1.185165647519585789e-04 1.000000000000000000e+00
1.080100652937728342e-04 1.000000000000000000e+00
-4.924666191808621603e-07 1.000000000000000000e+00
2.028929405040100751e-04 1.000000000000000000e+00
-2.600936082443397197e-05 1.000000000000000000e+00
-1.173320779690298844e-05 1.000000000000000000e+00
-2.129567153675184017e-05 1.000000000000000000e+00
-5.976623508532242791e-05 1.000000000000000000e+00
2.203207641276013406e-04 1.000000000000000000e+00
-1.712689438562906518e-04 1.000000000000000000e+00
4.540549828959827979e-05 1.000000000000000000e+00
-1.626522444494459492e-05 1.000000000000000000e+00
-7.259564939152888494e-06 1.000000000000000000e+00
8.537448284926546656e-05 1.000000000000000000e+00
6.982680854119313694e-05 1.000000000000000000e+00
3.069127024477054632e-05 1.000000000000000000e+00
-2.190662414738925236e-04 1.000000000000000000e+00
-6.626365490724898163e-05 1.000000000000000000e+00
-9.558720893447703775e-05 1.000000000000000000e+00
1.315169823657855121e-04 1.000000000000000000e+00
6.362202180541844132e-05 1.000000000000000000e+00
7.807795382731666804e-05 1.000000000000000000e+00
-6.737227414127961453e-05 1.000000000000000000e+00
-1.089676772323260474e-04 1.000000000000000000e+00
1.466044177872649233e-03 1.000000000000000000e+00
3.106570137740411971e-04 1.000000000000000000e+00
1.097609901009485101e-05 1.000000000000000000e+00
6.961038314134274162e-05 1.000000000000000000e+00
-1.783887281460413195e-04 1.000000000000000000e+00
-2.017473868140596358e-05 1.000000000000000000e+00
-4.699548682407942091e-05 1.000000000000000000e+00
-6.136773155292255227e-05 1.000000000000000000e+00
2.397251076874681340e-05 1.000000000000000000e+00
3.458725408989549914e-05 1.000000000000000000e+00
5.460515858637779083e-05 1.000000000000000000e+00
-6.327552298169423275e-06 1.000000000000000000e+00
7.360212476043268860e-05 1.000000000000000000e+00
1.340010040098909435e-05 1.000000000000000000e+00
-1.154080611340373977e-04 1.000000000000000000e+00
1.787287823445031867e-04 1.000000000000000000e+00
-8.803493921106005776e-05 1.000000000000000000e+00
3.450970938856186054e-05 1.000000000000000000e+00
5.223341014453575839e-05 1.000000000000000000e+00
4.044808495230313650e-05 1.000000000000000000e+00
9.013372657291310753e-05 1.000000000000000000e+00
2.016286558724888825e-05 1.000000000000000000e+00
-2.991638593317088137e-05 1.000000000000000000e+00
1.990191892207765663e-05 1.000000000000000000e+00
6.233942447928074589e-05 1.000000000000000000e+00
-3.682123848812944420e-05 1.000000000000000000e+00
-1.047868796775183785e-04 1.000000000000000000e+00
-8.979596618383030608e-05 1.000000000000000000e+00
2.331961010740587581e-04 1.000000000000000000e+00
1.372519671383491333e-04 1.000000000000000000e+00
4.981605454683386570e-05 1.000000000000000000e+00
2.330042954471858480e-04 1.000000000000000000e+00
2.805037447785195552e-06 1.000000000000000000e+00
-5.205112011902911023e-05 1.000000000000000000e+00
-6.779382569902199301e-05 1.000000000000000000e+00
1.119538517180975936e-05 1.000000000000000000e+00
2.464921358806194300e-04 1.000000000000000000e+00
4.539025407273255816e-06 1.000000000000000000e+00
-5.671029444902779315e-05 1.000000000000000000e+00
2.557348611515725988e-05 1.000000000000000000e+00
-2.180147394662272138e-05 1.000000000000000000e+00
-8.929908788336829374e-06 1.000000000000000000e+00
-1.981109383227793515e-04 1.000000000000000000e+00
-4.502724793470639015e-05 1.000000000000000000e+00
1.368242372238320391e-04 1.000000000000000000e+00
1.819426824868283234e-04 1.000000000000000000e+00
9.309255517203438447e-05 1.000000000000000000e+00
-4.145345311371432585e-05 1.000000000000000000e+00
5.379709908146056553e-05 1.000000000000000000e+00
8.631536539571381102e-05 1.000000000000000000e+00
-8.364505742869213516e-05 1.000000000000000000e+00
1.518315443900720876e-04 1.000000000000000000e+00
-3.292048228422362840e-06 1.000000000000000000e+00
5.579558748526330795e-05 1.000000000000000000e+00
8.238924253186075141e-05 1.000000000000000000e+00
-1.531116086517610088e-04 1.000000000000000000e+00
-9.029818280271744007e-06 1.000000000000000000e+00
-2.091613392871212579e-05 1.000000000000000000e+00
1.623651115218979394e-05 1.000000000000000000e+00
1.129220855214743295e-04 1.000000000000000000e+00
-7.721919137797220623e-05 1.000000000000000000e+00
-6.972459075941634624e-05 1.000000000000000000e+00
-1.122206357749395641e-04 1.000000000000000000e+00
-1.337370505036695147e-05 1.000000000000000000e+00
1.100340085683722323e-04 1.000000000000000000e+00
7.454345070616193419e-05 1.000000000000000000e+00
-5.440257135714151552e-05 1.000000000000000000e+00
-9.988077918360659211e-05 1.000000000000000000e+00
-8.977945027489502895e-05 1.000000000000000000e+00
9.859794927781774759e-05 1.000000000000000000e+00
-8.299818934722970234e-05 1.000000000000000000e+00
-1.139678718930317466e-04 1.000000000000000000e+00
2.666119753982469528e-05 1.000000000000000000e+00
-6.395114340138065257e-05 1.000000000000000000e+00
-1.137484779351471427e-04 1.000000000000000000e+00
-7.027065724233620106e-05 1.000000000000000000e+00
-4.032087671801382707e-05 1.000000000000000000e+00
3.933312086420769825e-05 1.000000000000000000e+00
-5.363598395969862198e-05 1.000000000000000000e+00
-1.314835782798149073e-05 1.000000000000000000e+00
5.614176711800855716e-05 1.000000000000000000e+00
1.007750480818740230e-04 1.000000000000000000e+00
-1.304216202299832650e-05 1.000000000000000000e+00
5.920526426388265419e-05 1.000000000000000000e+00
-9.326874837605761903e-05 1.000000000000000000e+00
-5.284278326246412793e-06 1.000000000000000000e+00
2.005743056535446236e-05 1.000000000000000000e+00
-5.277179686090503203e-06 1.000000000000000000e+00
-1.203404004382531298e-04 1.000000000000000000e+00
1.317549816716716885e-05 1.000000000000000000e+00
2.797774392456267161e-05 1.000000000000000000e+00
2.562546172596042322e-05 1.000000000000000000e+00
-8.360838178826392978e-05 1.000000000000000000e+00
-7.333051636414304438e-05 1.000000000000000000e+00
8.405758483965172182e-05 1.000000000000000000e+00
2.368826650444752594e-05 1.000000000000000000e+00
6.854257279974346380e-05 1.000000000000000000e+00
1.264064333639072280e-04 1.000000000000000000e+00
-5.807880152376379844e-06 1.000000000000000000e+00
9.830007137065613397e-05 1.000000000000000000e+00
-7.226899488022608714e-05 1.000000000000000000e+00
-1.156166394809852538e-04 1.000000000000000000e+00
-1.408441798848891993e-05 1.000000000000000000e+00
-6.363105458279714555e-05 1.000000000000000000e+00
9.728715264898257114e-05 1.000000000000000000e+00
7.447269301879359794e-05 1.000000000000000000e+00
4.967565552385220490e-06 1.000000000000000000e+00
-6.300641135619946913e-06 1.000000000000000000e+00
7.431385582088405458e-05 1.000000000000000000e+00
1.586664795429556531e-04 1.000000000000000000e+00
-5.983697335787001347e-06 1.000000000000000000e+00
8.572461991207756387e-06 1.000000000000000000e+00
-8.714745052803952812e-05 1.000000000000000000e+00
-5.007867184501006771e-06 1.000000000000000000e+00
-7.905330859867449071e-05 1.000000000000000000e+00
-1.938333210124718660e-04 1.000000000000000000e+00
6.173010156573280045e-05 1.000000000000000000e+00
6.079050992458860333e-05 1.000000000000000000e+00
-1.220055172301413615e-05 1.000000000000000000e+00
5.277708710876599408e-05 1.000000000000000000e+00
-4.279880598722979485e-06 1.000000000000000000e+00
5.994657430152880299e-05 1.000000000000000000e+00
5.600545924950909823e-05 1.000000000000000000e+00
1.109451252309920962e-05 1.000000000000000000e+00
1.578191874805073502e-05 1.000000000000000000e+00
-1.264765860950621990e-04 1.000000000000000000e+00
-9.598110112645833717e-06 1.000000000000000000e+00
-5.890376052890571202e-07 1.000000000000000000e+00
-1.580804034991739241e-05 1.000000000000000000e+00
4.408377861125918455e-05 1.000000000000000000e+00
4.959852901725131223e-05 1.000000000000000000e+00
4.081442044083742474e-05 1.000000000000000000e+00
-4.389718773342534087e-06 1.000000000000000000e+00
-5.354734740971722610e-05 1.000000000000000000e+00
3.658674350948386424e-05 1.000000000000000000e+00
-8.996431621370937280e-05 1.000000000000000000e+00
4.717500187586544991e-06 1.000000000000000000e+00
-6.739503659476474935e-05 1.000000000000000000e+00
3.787616238152599878e-05 1.000000000000000000e+00
-2.103126872998919143e-05 1.000000000000000000e+00
-2.028784471843392796e-05 1.000000000000000000e+00
4.259316128769495958e-07 1.000000000000000000e+00
2.189003952306506988e-05 1.000000000000000000e+00
1.442767393487234107e-05 1.000000000000000000e+00
-1.940290983253149058e-05 1.000000000000000000e+00
1.961339967206560705e-04 1.000000000000000000e+00
-5.621675930757349390e-05 1.000000000000000000e+00
1.028120238521539836e-05 1.000000000000000000e+00
-3.789046232777046481e-06 1.000000000000000000e+00
-5.610972542847548990e-05 1.000000000000000000e+00
-7.041229630600157464e-05 1.000000000000000000e+00
1.224859013323703703e-04 1.000000000000000000e+00
7.664179658818426376e-05 1.000000000000000000e+00
4.501180582419792351e-05 1.000000000000000000e+00
1.446122379706662206e-06 1.000000000000000000e+00
-8.449580469828182807e-05 1.000000000000000000e+00
-5.560647659173970179e-05 1.000000000000000000e+00
-6.580791278721635133e-05 1.000000000000000000e+00
1.728401978080176856e-05 1.000000000000000000e+00
-4.250618234110818466e-05 1.000000000000000000e+00
2.137422722109990904e-05 1.000000000000000000e+00
5.686729202729673611e-05 1.000000000000000000e+00
-2.486391821572599679e-05 1.000000000000000000e+00
-4.471514724327323951e-05 1.000000000000000000e+00
-5.859753003858265324e-07 1.000000000000000000e+00
7.615622172214687218e-06 1.000000000000000000e+00
-1.500749716215143548e-05 1.000000000000000000e+00
9.802471977966532239e-05 1.000000000000000000e+00
1.492912693042819124e-05 1.000000000000000000e+00
1.081051871053387426e-05 1.000000000000000000e+00
-3.842663489473219349e-05 1.000000000000000000e+00
5.383059926656499528e-06 1.000000000000000000e+00
-2.200834649016029731e-05 1.000000000000000000e+00
-1.037601190736215777e-04 1.000000000000000000e+00
-9.565096223471171048e-06 1.000000000000000000e+00
-8.352369257682066119e-05 1.000000000000000000e+00
4.336349254784974019e-05 1.000000000000000000e+00
-4.901945760177456708e-05 1.000000000000000000e+00
-8.224492984087682893e-05 1.000000000000000000e+00
-6.344303902334966487e-05 1.000000000000000000e+00
8.454952816658850144e-05 1.000000000000000000e+00
5.476847797762784969e-05 1.000000000000000000e+00
-7.789605065557437445e-06 1.000000000000000000e+00
-2.836841468272483049e-06 1.000000000000000000e+00
2.677701787670787355e-05 1.000000000000000000e+00
-2.381953202186543598e-05 1.000000000000000000e+00
2.953458204448948147e-05 1.000000000000000000e+00
-3.238377375200785744e-05 1.000000000000000000e+00
-6.045400923534964143e-05 1.000000000000000000e+00
5.664723378971475519e-05 1.000000000000000000e+00
5.661316601975223471e-05 1.000000000000000000e+00
-8.494366360163555928e-05 1.000000000000000000e+00
-9.342640884127414547e-05 1.000000000000000000e+00
8.080644911483145037e-05 1.000000000000000000e+00
4.539416198810449551e-05 1.000000000000000000e+00
-3.961631067710777154e-06 1.000000000000000000e+00
1.756303275181973406e-05 1.000000000000000000e+00
5.639319723211919365e-05 1.000000000000000000e+00
-7.239641121905630015e-05 1.000000000000000000e+00
2.713075564426044057e-05 1.000000000000000000e+00
-8.525520722095621064e-05 1.000000000000000000e+00
1.724526937166874149e-04 1.000000000000000000e+00
1.384111956868007344e-04 1.000000000000000000e+00
1.257274449858588813e-04 1.000000000000000000e+00
-4.848876814056134470e-05 1.000000000000000000e+00
-5.430783289973694232e-07 1.000000000000000000e+00
-7.665303713999412321e-05 1.000000000000000000e+00
-1.668927288116231334e-05 1.000000000000000000e+00
1.577365545898751177e-04 1.000000000000000000e+00
-6.227276587297714164e-05 1.000000000000000000e+00
3.477864272171382734e-05 1.000000000000000000e+00
4.049207929503473844e-04 1.000000000000000000e+00
6.878981214849843099e-05 1.000000000000000000e+00
-1.669344019271293262e-05 1.000000000000000000e+00
2.680063569545968572e-05 1.000000000000000000e+00
-2.835930823779576185e-05 1.000000000000000000e+00
1.939809320637451981e-05 1.000000000000000000e+00
-1.148292183883235600e-04 1.000000000000000000e+00
7.311072071882246848e-05 1.000000000000000000e+00
5.771461077670338017e-05 1.000000000000000000e+00
7.510667448870652729e-05 1.000000000000000000e+00
1.105744617794294214e-04 1.000000000000000000e+00
-1.055799583653312129e-04 1.000000000000000000e+00
7.855726610525037043e-05 1.000000000000000000e+00
-1.622401210587149918e-04 1.000000000000000000e+00
1.761381017180866987e-04 1.000000000000000000e+00
2.001824603059485042e-05 1.000000000000000000e+00
8.709213980586789060e-05 1.000000000000000000e+00
-2.626105931989290319e-04 1.000000000000000000e+00
-1.156331840876592286e-04 1.000000000000000000e+00
4.259222431956363695e-07 1.000000000000000000e+00
-6.028810958729530260e-05 1.000000000000000000e+00
-3.094950178250601303e-04 1.000000000000000000e+00
-1.203925458959896113e-05 1.000000000000000000e+00
-3.138794214535419141e-04 1.000000000000000000e+00
7.068989948913470610e-05 1.000000000000000000e+00
1.103780521676331344e-04 1.000000000000000000e+00
-5.769292477366536927e-05 1.000000000000000000e+00
-5.998245447901619118e-05 1.000000000000000000e+00
3.234532711524073525e-04 1.000000000000000000e+00
-6.762207223298141064e-06 1.000000000000000000e+00
4.497576227387860314e-05 1.000000000000000000e+00
1.518519328504999950e-05 1.000000000000000000e+00
-8.731612134294814288e-05 1.000000000000000000e+00
-1.630247078146548727e-04 1.000000000000000000e+00
9.001128919466455615e-06 1.000000000000000000e+00
-2.223951825640200683e-04 1.000000000000000000e+00
1.971540420523456042e-04 1.000000000000000000e+00
3.845729619568462548e-05 1.000000000000000000e+00
-1.659859993088678098e-04 1.000000000000000000e+00
-1.907447219546289075e-04 1.000000000000000000e+00
1.308918184244997520e-05 1.000000000000000000e+00
-5.782188424643201741e-05 1.000000000000000000e+00
1.461022607228372049e-04 1.000000000000000000e+00
9.461034435881016124e-05 1.000000000000000000e+00
4.866457060339315552e-05 1.000000000000000000e+00
1.443298253866230965e-04 1.000000000000000000e+00
5.656346757245449616e-05 1.000000000000000000e+00
-1.004495133978039787e-05 1.000000000000000000e+00
-1.100976371987790923e-04 1.000000000000000000e+00
9.643382316125370874e-05 1.000000000000000000e+00
-4.328358100192406053e-05 1.000000000000000000e+00
-1.065518963467593114e-04 1.000000000000000000e+00
1.445091018990268361e-04 1.000000000000000000e+00
1.896954111006484087e-05 1.000000000000000000e+00
1.495249523207317134e-04 1.000000000000000000e+00
9.368688297944895727e-06 1.000000000000000000e+00
-2.952320004193630934e-04 1.000000000000000000e+00
2.058025139641122560e-04 1.000000000000000000e+00
2.620025114720738715e-05 1.000000000000000000e+00
-8.914770113821530897e-05 1.000000000000000000e+00
1.281369117961490486e-04 1.000000000000000000e+00
4.586264000808062627e-05 1.000000000000000000e+00
5.118191316158289669e-04 1.000000000000000000e+00
-6.154866242098522084e-06 1.000000000000000000e+00
-7.208232934634768469e-05 1.000000000000000000e+00
3.621842599185339483e-04 1.000000000000000000e+00
-4.670561894681215257e-05 1.000000000000000000e+00
-5.050749828001138093e-07 1.000000000000000000e+00
4.478654691858119152e-05 1.000000000000000000e+00
-3.064215840399258230e-04 1.000000000000000000e+00
6.984400482060555086e-04 1.000000000000000000e+00
-5.948013706195328385e-04 1.000000000000000000e+00
-1.078664243582511351e-04 1.000000000000000000e+00
3.859120328580904763e-05 1.000000000000000000e+00
5.686717338425624317e-04 1.000000000000000000e+00
4.735712939203309276e-05 1.000000000000000000e+00
-8.535313797489810239e-05 1.000000000000000000e+00
-1.391013551652041673e-04 1.000000000000000000e+00
-2.330054691717534660e-05 1.000000000000000000e+00
1.128043798880683083e-04 1.000000000000000000e+00
-5.731311692370030043e-05 1.000000000000000000e+00
-9.892454777227318219e-05 1.000000000000000000e+00
1.240336600349206903e-04 1.000000000000000000e+00
1.152847529606323778e-04 1.000000000000000000e+00
2.170821396487526646e-04 1.000000000000000000e+00
-3.184127133848911449e-05 1.000000000000000000e+00
-7.310670277282864762e-05 1.000000000000000000e+00
-1.993735610279571404e-04 1.000000000000000000e+00
4.051117265892150820e-05 1.000000000000000000e+00
-4.004526203867520283e-05 1.000000000000000000e+00
3.475874766464970701e-04 1.000000000000000000e+00
-1.011182117509863097e-04 1.000000000000000000e+00
-1.616150209182329561e-04 1.000000000000000000e+00
-3.098887388197886039e-05 1.000000000000000000e+00
-1.054763475596226475e-04 1.000000000000000000e+00
-9.747550112446426961e-05 1.000000000000000000e+00
-3.180523711997292627e-05 1.000000000000000000e+00
1.759971298067077028e-04 1.000000000000000000e+00
3.562628434820439341e-05 1.000000000000000000e+00
-1.683437766719439968e-06 1.000000000000000000e+00
1.971027609137721741e-05 1.000000000000000000e+00
-2.047888303098939651e-05 1.000000000000000000e+00
-3.180399322888847048e-04 1.000000000000000000e+00
9.110484460062438414e-05 1.000000000000000000e+00
-3.147483154264287398e-04 1.000000000000000000e+00
-1.938431980723540852e-04 1.000000000000000000e+00
-3.219068979819186864e-05 1.000000000000000000e+00
-2.720747421324836920e-04 1.000000000000000000e+00
1.248034437083919918e-03 1.000000000000000000e+00
-1.232874426777869176e-05 1.000000000000000000e+00
-7.167124044699548348e-05 1.000000000000000000e+00
1.451618626856334749e-04 1.000000000000000000e+00
-7.541325867607115981e-06 1.000000000000000000e+00
-8.737430024300189542e-05 1.000000000000000000e+00
4.669487539403167149e-04 1.000000000000000000e+00
-1.398683957959737643e-04 1.000000000000000000e+00
3.272175538962909021e-04 1.000000000000000000e+00
9.443210319814294952e-05 1.000000000000000000e+00
-1.214450561892711757e-05 1.000000000000000000e+00
-7.169243784556140651e-05 1.000000000000000000e+00
1.061079773402384083e-04 1.000000000000000000e+00
-7.265295094207842655e-05 1.000000000000000000e+00
-2.379061539526295570e-04 1.000000000000000000e+00
1.440113104557611565e-04 1.000000000000000000e+00
-5.829848992084662972e-06 1.000000000000000000e+00
3.137114386044591676e-04 1.000000000000000000e+00
1.033868688590600056e-04 1.000000000000000000e+00
-4.132110192668530038e-04 1.000000000000000000e+00
-6.411548880558175028e-05 1.000000000000000000e+00
-1.462650365946138170e-05 1.000000000000000000e+00
8.204534737223306091e-05 1.000000000000000000e+00
-7.273871421487098157e-05 1.000000000000000000e+00
1.225286148725444034e-04 1.000000000000000000e+00
-5.674462069816088962e-05 1.000000000000000000e+00
1.793400183726221974e-05 1.000000000000000000e+00
2.258335596843869073e-04 1.000000000000000000e+00
2.491705803764996275e-04 1.000000000000000000e+00
-1.995627508787960148e-04 1.000000000000000000e+00
3.328348589793636634e-04 1.000000000000000000e+00
-1.096608119718493123e-05 1.000000000000000000e+00
-1.249203056136492149e-05 1.000000000000000000e+00
-4.965364441284854304e-05 1.000000000000000000e+00
-3.738653886620305913e-04 1.000000000000000000e+00
-5.318075031973774606e-07 1.000000000000000000e+00
6.622697042809533785e-04 1.000000000000000000e+00
-2.367463743901994027e-06 1.000000000000000000e+00
8.125068411686918530e-06 1.000000000000000000e+00
2.739013184285338720e-05 1.000000000000000000e+00
-4.973209856903927943e-04 1.000000000000000000e+00
-1.624597026699586475e-04 1.000000000000000000e+00
2.180732753772973243e-04 1.000000000000000000e+00
2.128621435632274369e-04 1.000000000000000000e+00
3.565709709542092421e-05 1.000000000000000000e+00
1.828213607107009360e-05 1.000000000000000000e+00
-3.710026055689761860e-05 1.000000000000000000e+00
-2.482309837218741959e-05 1.000000000000000000e+00
8.524813947264689304e-06 1.000000000000000000e+00
-3.751021353658665883e-05 1.000000000000000000e+00
1.532342361429693588e-05 1.000000000000000000e+00
-5.379515610956443257e-05 1.000000000000000000e+00
1.090632225265486429e-04 1.000000000000000000e+00
7.250834404233429879e-05 1.000000000000000000e+00
1.185600731926898341e-05 1.000000000000000000e+00
-1.887827064143997910e-04 1.000000000000000000e+00
-8.420916025468227920e-05 1.000000000000000000e+00
-1.633285632649271240e-04 1.000000000000000000e+00
-7.708371267225368889e-04 1.000000000000000000e+00
1.027119276085462627e-04 1.000000000000000000e+00
8.087426274814509843e-05 1.000000000000000000e+00
-3.265911821161793731e-05 1.000000000000000000e+00
-1.063533375557462397e-05 1.000000000000000000e+00
4.431290722155088605e-04 1.000000000000000000e+00
4.364361587254540791e-05 1.000000000000000000e+00
-4.885211647828697568e-05 1.000000000000000000e+00
-2.177837147167694629e-05 1.000000000000000000e+00
2.334033329383673676e-05 1.000000000000000000e+00
1.103005286402140090e-05 1.000000000000000000e+00
5.271795903829349245e-05 1.000000000000000000e+00
8.835461943437338418e-05 1.000000000000000000e+00
-3.978789979517870180e-04 1.000000000000000000e+00
5.048018503009190651e-05 1.000000000000000000e+00
-4.465665315621822578e-05 1.000000000000000000e+00
5.775864169789650783e-04 1.000000000000000000e+00
7.527105159238028876e-05 1.000000000000000000e+00
6.879807517599332038e-05 1.000000000000000000e+00
7.965232777092065054e-06 1.000000000000000000e+00
2.445433908826086426e-05 1.000000000000000000e+00
-1.464067373866199929e-04 1.000000000000000000e+00
1.108390780947537003e-04 1.000000000000000000e+00
-2.824174126160483469e-05 1.000000000000000000e+00
-7.096886992772843375e-05 1.000000000000000000e+00
-2.632135365435301274e-05 1.000000000000000000e+00
-3.883197715512617704e-05 1.000000000000000000e+00
-1.073945207038224758e-05 1.000000000000000000e+00
-6.747017894602373256e-05 1.000000000000000000e+00
3.817811045041637685e-05 1.000000000000000000e+00
1.571995909374681319e-04 1.000000000000000000e+00
1.260419039423076994e-05 1.000000000000000000e+00
-2.359274800831687006e-04 1.000000000000000000e+00
-5.478805178582105839e-05 1.000000000000000000e+00
6.416529451461737161e-05 1.000000000000000000e+00
-1.404342166718061624e-05 1.000000000000000000e+00
-7.400662225540910130e-05 1.000000000000000000e+00
5.165726837059898135e-05 1.000000000000000000e+00
-2.743844322582497636e-05 1.000000000000000000e+00
1.035309212941618566e-04 1.000000000000000000e+00
8.735822480609019237e-05 1.000000000000000000e+00
1.808815477254413284e-05 1.000000000000000000e+00
-8.297160778649782446e-07 1.000000000000000000e+00
-4.202024201394825707e-05 1.000000000000000000e+00
-4.859038446408632051e-05 1.000000000000000000e+00
7.849309952306338339e-05 1.000000000000000000e+00
-1.149150546142434459e-04 1.000000000000000000e+00
4.910403580998955224e-05 1.000000000000000000e+00
6.219331222933450164e-05 1.000000000000000000e+00
6.851817095270178529e-04 1.000000000000000000e+00
-8.301603031298583797e-05 1.000000000000000000e+00
-3.763437074946149341e-04 1.000000000000000000e+00
-1.328804137950091067e-05 1.000000000000000000e+00
6.321427139304755625e-05 1.000000000000000000e+00
-2.306777183336469197e-04 1.000000000000000000e+00
-6.669975024653778013e-05 1.000000000000000000e+00
-2.823263600762221555e-05 1.000000000000000000e+00
1.484297628620387009e-04 1.000000000000000000e+00
-4.153658899603512140e-05 1.000000000000000000e+00
1.726134152855724596e-04 1.000000000000000000e+00
-3.212658370415366637e-04 1.000000000000000000e+00
-5.653567076411749454e-05 1.000000000000000000e+00
-1.291939883799864380e-04 1.000000000000000000e+00
-2.909919914725899004e-05 1.000000000000000000e+00
9.919319648286193292e-05 1.000000000000000000e+00
8.498095738263412424e-06 1.000000000000000000e+00
1.175701859839301075e-04 1.000000000000000000e+00
-1.319634307001895670e-04 1.000000000000000000e+00
9.472926038587995215e-06 1.000000000000000000e+00
6.755764332599008542e-05 1.000000000000000000e+00
2.715397150420328031e-04 1.000000000000000000e+00
3.310809993075694276e-05 1.000000000000000000e+00
-7.553960877853339905e-05 1.000000000000000000e+00
2.779129830326258326e-05 1.000000000000000000e+00
-7.342864098973033923e-04 1.000000000000000000e+00
-6.621171056210761383e-05 1.000000000000000000e+00
6.767106580866682119e-05 1.000000000000000000e+00
-1.218367103453632094e-04 1.000000000000000000e+00
-6.099007317750123290e-05 1.000000000000000000e+00
1.108581845228340257e-04 1.000000000000000000e+00
7.780547968655819309e-05 1.000000000000000000e+00
-6.030816478353253507e-05 1.000000000000000000e+00
-5.494975166989394269e-05 1.000000000000000000e+00
-7.724906618150186662e-05 1.000000000000000000e+00
-2.723527249213107549e-05 1.000000000000000000e+00
4.726503415049512400e-05 1.000000000000000000e+00
-5.907457787832353247e-05 1.000000000000000000e+00
-1.386074007355868272e-05 1.000000000000000000e+00
-1.304734000689662425e-05 1.000000000000000000e+00
-8.925070428339327015e-05 1.000000000000000000e+00
-1.412220274581501038e-04 1.000000000000000000e+00
-1.341787302263315119e-04 1.000000000000000000e+00
2.566292882613232913e-05 1.000000000000000000e+00
3.193820886005370083e-05 1.000000000000000000e+00
-1.907616385398108825e-05 1.000000000000000000e+00
-6.422126808710621913e-05 1.000000000000000000e+00
-1.806767968577604436e-04 1.000000000000000000e+00
2.311584205146864385e-04 1.000000000000000000e+00
9.137689690973818473e-05 1.000000000000000000e+00
5.635039982007118958e-05 1.000000000000000000e+00
1.758993193877627896e-05 1.000000000000000000e+00
-2.811127255710462464e-05 1.000000000000000000e+00
-1.032704992174945275e-05 1.000000000000000000e+00
-1.664818631792963510e-05 1.000000000000000000e+00
-4.675088375658587476e-05 1.000000000000000000e+00
7.392752549655210120e-05 1.000000000000000000e+00
1.750498232252393577e-05 1.000000000000000000e+00
7.561152083301197774e-05 1.000000000000000000e+00
-7.238317682867098342e-05 1.000000000000000000e+00
-3.986407010375097318e-05 1.000000000000000000e+00
4.076847133005334888e-05 1.000000000000000000e+00
-6.349030151090880015e-05 1.000000000000000000e+00
-6.266306162846747233e-05 1.000000000000000000e+00
1.430905243134070767e-04 1.000000000000000000e+00
3.580737059798597892e-05 1.000000000000000000e+00
3.538997527635637436e-05 1.000000000000000000e+00
-5.947983146658989209e-05 1.000000000000000000e+00
-6.323261220179326807e-05 1.000000000000000000e+00
3.370471735200071875e-05 1.000000000000000000e+00
-4.825555390897658597e-06 1.000000000000000000e+00
4.782037109636272468e-05 1.000000000000000000e+00
-6.240064848072069954e-05 1.000000000000000000e+00
-3.155739272158637358e-05 1.000000000000000000e+00
8.851048644351822907e-05 1.000000000000000000e+00
-3.488159667683494845e-06 1.000000000000000000e+00
-1.978271613866850912e-05 1.000000000000000000e+00
