1.484202412516148062e-09 3.794490738670377224e-04
-1.702430284978187259e-09 7.204859599913303369e-05
-5.245093814809634997e-09 4.084817033248819848e-04
-3.598762208396252003e-10 4.062303017169547432e-04
-5.997363693000367877e-09 3.897595179542421521e-04
-1.643396245763478248e-09 7.224394408612064679e-05
-8.720703131939168164e-10 3.720838262244484992e-04
-5.804331157047807026e-09 4.677235325405069391e-04
-1.270589804521270010e-10 3.829397876724097193e-04
-2.444434555072869369e-09 7.334721579170479146e-05
-1.306825630476480122e-09 3.788794982057778365e-04
-3.054763293595402033e-09 6.456721079777183675e-04
1.547291216697263851e-09 3.776182942742606959e-04
7.241187920440822676e-10 5.815185650351306071e-04
4.862662054717909896e-09 6.040461590458000860e-04
3.634294310173715619e-10 3.765757698590191773e-04
-4.554346825424786109e-09 3.815983158613291452e-04
8.813299981955821067e-10 5.992823046076642055e-04
5.616407132174348962e-10 5.668015605872813714e-04
1.214449276996359520e-09 3.849226935129336025e-04
-1.465577240853343641e-09 6.117747897351719392e-04
7.545649296728272870e-10 5.766523196048668580e-04
-1.481165466530382698e-09 2.420933526736237043e-04
2.580143294518557351e-09 4.804895620088179154e-04
-1.174460138976624863e-09 5.664281054484690808e-04
-1.414954130769012796e-11 5.505090770929851234e-04
1.060069191396323294e-10 3.816719309894205775e-04
-7.270147586518467920e-09 6.935624528735409935e-05
-5.356589746405591214e-09 8.497587414185111307e-05
-1.251656859843804591e-09 2.336156553950990370e-04
-4.345272714337814546e-10 6.453128150083584807e-05
-2.997608998639345426e-09 5.198867159826842761e-04
-3.499672533188201483e-09 4.246767571401391839e-04
-2.241858323636249073e-09 2.902841960238831346e-04
-2.207075661921445742e-09 4.058600742671810758e-04
-2.280948257400062737e-09 5.404293919791608664e-04
-2.308551165157085707e-09 4.494653658700612647e-04
-1.509626923713546108e-09 6.058914733572585585e-04
-8.686306776070314398e-09 6.448748689741781834e-05
-1.651088847442909873e-09 8.263369618170026678e-05
-2.747808879965580002e-09 3.700115489260052417e-04
-1.542418762259048650e-09 5.168930399241836822e-04
-2.035223513246840992e-11 4.266811448428074424e-04
-2.728689901012050499e-09 5.378798533420219409e-04
1.093938548624569249e-09 4.302753979536927680e-04
1.689794598768961928e-09 5.255453361451747213e-04
-2.100480848888875199e-09 5.171318118652782313e-04
3.634245462909986734e-10 8.486818797917550748e-05
-8.312765088038906426e-09 8.589208292943639972e-05
-1.798275099792190524e-09 4.427627430555148235e-04
-7.632451322277517462e-09 8.472631790181911493e-05
-6.660123184159502994e-09 6.749167129623484616e-04
-1.683934800317896133e-09 5.848708964545128381e-05
1.645170827003773763e-09 5.455970321381819685e-04
4.062344432347948178e-10 4.387421108769241733e-04
-2.720136329869755931e-09 4.351641954512459908e-04
-9.522770405533521809e-10 4.390426990028397703e-04
1.013423029281098757e-10 5.905262272773758106e-04
-6.159942046999105330e-09 6.906679587287867413e-05
1.770368639691270242e-09 5.091197941732554131e-04
-3.576882708209391823e-09 5.083461497937081597e-04
-1.824961426186089847e-10 4.735333814938832444e-04
-7.282858563322092389e-10 3.415726402504181141e-04
7.255062447081190145e-10 4.291134012594692375e-04
-3.436155010713134072e-09 5.045074408792004023e-04
2.890085844039123730e-10 4.252305865948403756e-04
-1.571482530472673476e-09 3.364212757546433999e-04
-1.637447903786652435e-09 4.253612784524313283e-04
-1.151594542867352638e-09 5.111916923243106517e-04
1.404204951175734770e-09 4.840334297763884469e-04
1.888436192026515915e-09 5.060795579260537634e-04
-2.198535506245904271e-09 1.156538941018514472e-04
-7.777572316033868159e-10 6.177487782194273443e-05
1.337881664603899610e-09 4.746799723644112520e-04
-1.100787223159979353e-09 4.123846515559944476e-04
-1.183045414985934942e-09 5.277131422147218450e-04
-6.297546427584211630e-09 6.237461740492972195e-05
1.445672000705807005e-09 2.784143680465202297e-04
2.519308414732327074e-10 4.682412120470381771e-04
-4.921937918005290248e-09 1.842138380934015831e-04
8.894756004426341239e-10 3.117227862039581186e-04
-1.649954057523216277e-09 3.059261891670265912e-04
-7.778761949213632613e-10 6.396611435808671666e-04
-3.594492285359516896e-09 4.178319997299456017e-04
-1.799542198777226929e-09 4.270735493418883122e-04
-3.099026239413808533e-09 8.107526688294276653e-05
-4.602172035052689863e-09 4.225842323755340081e-04
-2.202317760924368803e-09 1.383497143152559927e-04
1.687079108834180842e-09 5.325195269720658800e-04
-1.938371131271600835e-09 4.997043612894722011e-04
-2.251057105852602465e-09 1.124669525898002571e-04
-3.707931011973272632e-09 7.659886685807886311e-05
-8.985258637554576373e-10 4.947548458273660736e-04
-1.585387688898314218e-09 4.828934716964079798e-04
2.469426920746844989e-09 4.572381067743501600e-04
-1.267411443965896844e-09 6.249450955895141831e-04
-1.884853964082334041e-09 4.511327209910270569e-04
-2.505324137826031237e-09 7.263715974440788979e-05
-8.875831447931533541e-09 6.124865431505667089e-04
-2.698839076472334624e-09 3.001263976186173995e-04
1.835426708940370018e-09 6.237094729746456290e-04
4.542943047298216020e-10 3.181040301972966377e-04
-2.447471965227254631e-09 8.375142126268135946e-05
-2.171183231041354691e-09 4.040139082926460070e-04
-1.102922093136611556e-09 4.410231394985853403e-04
-4.473704103270013740e-09 6.833716133979171224e-05
1.556569617613944268e-09 4.377977681960983905e-04
-1.242669714774009586e-09 7.230749708570217385e-05
8.056122008381400843e-10 4.481239549609342555e-04
-6.533998193285123173e-10 5.050712096297171796e-04
1.084559960738127230e-09 5.196345482328571614e-04
-2.083792668642684297e-09 1.963277164164513018e-04
8.114601073420019590e-11 1.414630166846936224e-04
-1.028294899352833621e-09 4.455149970944545729e-04
-1.448482007080121927e-09 5.248547100145079620e-04
-1.907952018169222363e-09 2.028825674517506679e-04
-2.866515563278312203e-09 1.957919676181623357e-04
-8.688680529822665204e-09 1.815753329758650698e-04
-3.254229975632772730e-09 6.821150432954168502e-05
-1.708320008523380236e-09 1.211583974890174573e-04
6.762036092389987526e-10 1.032955542040826021e-04
2.066544979625180927e-09 4.456650194274031909e-04
-8.949834504659001418e-09 8.251520632699406953e-05
2.524381924786609029e-09 6.887440940074643608e-05
-9.059922643150676206e-10 5.383364131152074518e-04
-2.167164091179191470e-09 6.162301733640170986e-04
-4.265878034077963476e-09 7.616912416367095792e-05
6.735706097264203878e-11 8.196573411673867705e-05
1.090770534212844334e-09 5.465212835358202641e-04
-1.110031778439871408e-09 5.677879540356623638e-04
2.349264017656371847e-09 8.598942010634117328e-05
-6.481559545235018184e-10 5.042883275367653767e-04
3.342966491776766341e-11 1.295136083849457117e-04
-2.204318811999092434e-09 4.443668428136921217e-04
-2.062708112996513738e-09 7.300490078453557969e-05
-9.756420769093898932e-10 6.916228491911565748e-05
-7.206715059342477051e-10 4.991878058297801856e-04
-7.783394003454346951e-10 2.043375554866566645e-04
-4.691570816535476525e-09 7.934005195331688862e-05
-3.640443257687902325e-09 6.876350890710896410e-05
-8.927908150586115228e-10 4.382002868722075471e-04
-1.994088473208181227e-09 7.142986807901844097e-05
-2.049700436496434288e-10 6.558452243095900603e-04
-1.036641890094560178e-09 5.912221714064068347e-04
-1.413721959900650437e-09 6.831253556741743874e-04
1.395697230143800608e-10 8.594288930976828021e-05
-1.669338823236306834e-10 4.195266226700516228e-04
-3.604032834564770986e-09 6.657162677586097796e-04
-3.811648142268505764e-09 6.516078622828787097e-05
-1.275638186088781064e-09 8.807990827518692213e-05
-1.405714759543407682e-09 5.333477119742360655e-04
-1.161073026782332203e-09 4.201479410258732194e-04
1.924993185829771094e-10 5.499946793976904971e-04
-2.199289260636278674e-09 5.406625690958239815e-04
-1.934377575625843374e-11 4.263420538121332078e-04
8.184705037317976454e-10 7.285395418384321394e-05
2.657314000064461597e-09 5.932968861343498098e-04
-1.623488630764090971e-09 5.417675655695519850e-04
3.793724296514743488e-11 6.509775136330094546e-04
-3.596782305181796610e-10 6.387797124148800361e-04
-4.144175342890874208e-09 6.441922181829652671e-05
-6.421676228978848072e-10 6.846969822941234747e-04
-2.403080020963363518e-09 5.864910842526274096e-04
-3.723523958916554534e-09 6.779322234982318441e-05
-2.827711751128700445e-09 5.395740979213186446e-04
2.579587438950507931e-09 4.708565833634466530e-04
-1.206248755950376119e-09 6.628627966974322391e-05
-4.181357096378405612e-09 5.612144592930265550e-04
-7.758638213706533757e-10 6.278663380994971115e-04
-3.220390999551690225e-09 6.753222528765934001e-05
-2.149760313197644258e-09 5.296979206431167353e-04
-2.132327203886523570e-09 4.375426022312818445e-04
-1.588856913444812396e-09 5.878903521952620875e-04
-1.687174464701175433e-09 5.369873188620237264e-05
-1.465571451931950200e-09 5.022362373483833320e-04
-7.882359839230855593e-10 6.701230403831761944e-04
-4.802647612555360323e-09 7.375241150756846667e-05
-4.563445071216202160e-09 1.472628251930336695e-04
-2.808673549334786599e-09 5.013068652616177543e-04
-1.636822007349240169e-09 5.606528137724537449e-04
-6.431909025300176267e-10 7.031775170915537457e-04
-3.043953987018010386e-09 6.644514517565843284e-05
-1.939217293800453173e-09 5.797188557291291802e-05
-3.715921675770122358e-09 6.812939719304821117e-05
-1.940689403955591814e-10 6.936962611747727204e-04
-1.499960631522444294e-09 5.243615198591931176e-04
8.749217725711929542e-10 1.224436291784716856e-04
-4.192527925835034235e-09 7.226739811805754112e-05
-4.406215240597299368e-10 7.000241757357307548e-05
-2.029000371821163972e-09 4.297595612210386527e-04
-2.075191775494902050e-09 5.629738041526032629e-04
3.848137655132784519e-10 6.821290802413225527e-04
2.031786098246602166e-09 7.757215167549809777e-05
-1.286866982223107156e-09 5.346185754531914422e-04
1.472568524127878828e-09 7.478561678291164661e-05
-1.757974188286820786e-09 6.719199249120120392e-05
8.186067704173316579e-10 4.556336023505727878e-04
5.408870177677821391e-11 1.006799054852680131e-04
-3.803290015503411129e-09 5.663266237453713238e-05
-5.014280949489107270e-09 6.183998899919302230e-05
1.063209584245974676e-10 6.415020734058963093e-05
6.919604566386826549e-11 4.566480017140181241e-04
3.760140058173442170e-09 4.430806531305624845e-04
3.385995716719959368e-10 4.067358284447433899e-04
-2.952959472398690107e-10 7.298008232237632046e-04
8.907149378085967265e-10 5.113986482313383295e-04
1.979022197664815297e-09 4.260969106186412504e-04
-9.831598074998963596e-10 6.459716438837397143e-05
-4.379546549799392545e-09 5.219100142103038275e-04
-1.871275764194470249e-09 4.532192712460432981e-04
-6.814622868356634023e-09 7.045470497369620011e-05
2.323310399296498644e-09 5.089645467875716965e-04
-1.724769971521327113e-09 4.291424579436937947e-04
-2.361939616609529540e-09 6.528683029126425849e-04
-1.063636583733603901e-10 2.858534440977688966e-04
-2.860407387501449473e-09 5.940968358430161233e-04
3.140269747019796338e-09 4.364334176089764393e-04
-1.296301700149514017e-09 4.843726650929464322e-04
-1.345232622354615733e-09 4.793808443188320883e-04
-2.378211458472628877e-09 5.269497124912752607e-04
-1.705059257137135050e-09 5.222194279352527672e-05
-1.619274012782497244e-09 5.443383030461579428e-04
-3.056725221981633432e-09 6.985286473608744509e-05
-2.241556748842555596e-09 6.173992679550382870e-04
-7.344444844556989254e-09 5.262256155635742995e-05
1.855419857435128594e-09 5.012749255238070200e-04
2.788315012221228146e-09 8.388595697238492195e-05
-4.287102264000094015e-09 5.922867447605009380e-05
-4.885736169220778931e-10 1.114852215038726109e-04
-2.034302822231283353e-09 6.950153837494390716e-05
-3.647392035274257339e-09 8.035334546116054059e-05
6.555070172958797879e-10 5.555186469746268294e-04
-5.988855600185094670e-10 5.803158292630949087e-04
-8.110443472512474169e-09 6.534866599778251547e-05
-2.382376154735511617e-09 3.668213172436874596e-04
-2.294850015739385271e-09 4.432981291942658100e-04
-4.483323184783702408e-09 4.875460503782080992e-05
-4.589515137814208680e-09 4.508206711278718603e-04
1.660733184007771765e-09 6.683071132236991169e-05
-1.251538890240384910e-09 6.869732254261583552e-05
-2.212075942662370328e-09 6.793034623949724610e-05
1.714615345878661299e-09 4.602488866745027703e-04
-1.767991072654754101e-09 4.434956572173899070e-04
-1.194694071816804269e-09 4.429157796306363052e-04
-4.200602011334085382e-09 7.099722384622238560e-05
-2.322687313129625058e-10 5.600003619761552859e-05
2.133887766602068812e-10 4.727269536458065017e-04
9.975832997924986411e-10 1.126609364934948079e-04
-2.971099179373781133e-09 5.491119932359512981e-04
-7.040253663980511736e-10 2.290281744792032920e-04
2.078953405308961380e-09 6.876305771535601882e-05
-2.569317061592074637e-09 4.446691236070737080e-04
-1.825243894099897085e-09 6.889594251027622920e-05
-3.336680595436166096e-09 5.814237176589639056e-04
-3.966635440560437011e-09 7.078111005618882470e-05
-3.230090313029749062e-09 7.407654388611772977e-05
-3.002401205296341367e-09 5.719192157874753964e-04
-2.442956077690703554e-09 1.165766523013832810e-04
-2.206389777573667216e-10 8.819542178336370667e-05
-8.923559549162209562e-10 5.382138910398078608e-04
-2.860453925864084440e-09 5.280317448355299368e-04
-5.361961893382143728e-09 7.811164742245189680e-05
-5.041082474947800034e-10 4.384454486035668178e-04
-3.506967247298595510e-09 6.889655511518016754e-05
-2.624298842672189523e-09 4.819907173678336047e-04
-4.214129433675274251e-09 5.470830755712097378e-04
-2.086510179190421005e-09 3.747237738337617008e-04
-6.204342026697259355e-10 6.279928268654441301e-04
-3.187208906247990842e-10 7.265427241442795581e-05
7.585704578591388869e-10 5.365936172436554154e-04
-2.243307823907183062e-09 5.485329053866362268e-04
-1.382591153384428743e-09 6.959399196742918734e-05
-1.686924312126108089e-09 4.689108510851261566e-04
-3.031518181231075173e-09 5.337776930286342991e-04
-6.174590481400204547e-09 7.476991814063116556e-05
3.680017930684571607e-11 5.259703108068627302e-04
-1.399804880535263290e-09 6.200260242503378787e-05
-9.593975492251870138e-10 7.484212404033285468e-05
-1.245806312324391133e-09 4.931170950922335143e-04
-5.284991690989063009e-09 3.031569743269002027e-04
-1.851399778516530866e-09 6.637677612361333763e-05
-2.619940599215832094e-09 7.176643211614315066e-05
-2.936674979514128386e-09 5.339193909841017521e-04
-4.029710327466352563e-09 5.504796346642163764e-05
2.403078113194962157e-10 2.185414147733534063e-04
-1.773133111786962057e-09 8.280801471231922367e-05
-1.279169604303088533e-10 5.140770670310581582e-04
-1.449317824433828625e-09 5.074337236942484675e-04
-5.253077258246718820e-11 5.111654212750671878e-04
-7.333076422244223151e-10 5.251804891356368164e-04
-1.719149770928574150e-09 7.827375325686793258e-05
-2.581808359820728387e-09 5.791759080395665225e-04
-2.295619828838743313e-09 8.057926331884947453e-05
1.935523557970591042e-09 5.312303245783244442e-04
-1.218719986152216831e-09 6.284708056044519681e-04
-2.931113667551446679e-10 5.048845716866349207e-04
9.782594249843020906e-10 4.785342236288010471e-04
-2.230040645518438513e-09 5.145395673350318735e-04
1.757227530662574254e-09 5.712107890198191542e-04
-3.178984368821211735e-09 5.952672757443202992e-04
-5.002933567914796367e-10 5.388852566483216420e-04
3.569474282575176945e-10 4.984764975946266111e-04
-4.722961179393912438e-10 4.877449808052415734e-04
-1.346421400571653583e-09 5.384366253006044739e-04
-2.105730481596074351e-09 5.317028231304424951e-04
2.426427509086158712e-10 4.975497022391163336e-05
-1.726619163264101392e-09 7.617038492814495233e-05
1.316079237807847294e-09 5.489638485501814776e-04
-1.607722441192317335e-10 5.448561067110368463e-04
-1.608137846509498125e-09 4.829802188314317492e-04
2.524681004252449937e-10 5.308940134798018724e-04
-1.632117975113635716e-09 5.526057598338906434e-04
-3.548956233660169234e-09 7.041442332127922845e-05
-3.267778667657347712e-09 4.724067586030867368e-04
-3.449391477516180720e-09 4.778971926110151046e-04
-7.971836153524725841e-09 7.125785699094195496e-05
-4.421997645588882271e-09 5.304629712580254943e-04
-5.654780401871943342e-11 4.833113928124378993e-04
-1.219969638490548127e-09 5.415287246418141066e-04
1.468722204329109240e-09 5.452149058908054317e-04
-1.541227748970834256e-09 7.295985350588062653e-05
1.728496307029729126e-09 7.437036085640269620e-05
2.852611143552993690e-10 4.797298285972210834e-04
-7.395861813658103002e-10 5.356491586199936799e-04
-2.544160349350934265e-09 7.527420571907526327e-05
-3.681053640562069540e-09 6.983655378031266301e-05
-1.577407933571606980e-09 5.299679428485386127e-04
-9.178700487013745915e-10 6.128933082861952797e-04
2.148149485820331921e-09 6.578004596943403976e-05
-4.395117019242902656e-09 5.298196110601132661e-04
-9.486882816539386892e-10 5.899097251325341029e-04
4.224646006114486262e-10 5.378227737558495146e-04
-2.608762631723862932e-09 5.276308847695918621e-04
-1.818863626798749924e-09 5.542088254116806319e-05
2.730130894985628892e-09 7.339193685463124236e-05
-3.936042682576796165e-09 8.073719270962685754e-05
1.993734903546362146e-09 5.213895566984477889e-04
-2.107526535659169096e-09 4.699274759714920668e-04
-1.886466271417152017e-09 4.708593008241631185e-04
9.277914041957386096e-10 5.128570898172000363e-04
-8.363577042395919989e-10 5.129230460468831932e-04
-2.216140663198014462e-09 3.294285286008122554e-04
-1.188550571410568611e-09 7.350187528532018874e-05
-7.546063619324837081e-10 4.669178980093165545e-04
-2.310632763231418496e-09 5.363454261078994689e-05
-4.099479628308165217e-09 7.311401611269322952e-05
-2.517758361781291194e-09 7.199241921414061256e-05
8.740668954658351212e-10 4.816663543189811706e-04
-3.094623292479975349e-09 5.223955574713958026e-04
-2.271173946585905642e-09 5.044573017218901331e-04
-1.058489784467753639e-09 2.995590005619556159e-04
-6.124275661020208143e-10 6.076779822257819810e-04
-2.055081991111988693e-09 4.964859481094612351e-04
-5.187561219446556902e-09 5.893005794298752546e-05
7.219569840376791605e-11 4.573907178380538199e-04
-1.883352487663962378e-09 6.352582838248965096e-05
-1.668427194436413117e-09 4.949006948436145527e-04
1.821931737892624659e-09 4.372065239375979933e-04
5.836809655271370293e-10 6.246035230952706003e-05
-2.072012595866155960e-09 4.893950055712327106e-04
-1.030961477625790328e-09 6.250766483363454562e-04
-5.606798106644120988e-09 5.116772667566580094e-05
-1.412220554798906810e-09 4.420334824403155489e-04
-7.040895165595885636e-10 6.019777588499537540e-04
1.042480312558706041e-09 4.674332701743356033e-04
-6.576758692128605480e-09 7.274659886010649448e-05
1.423198852788182708e-09 7.735214049533178633e-05
-5.925950796737970696e-09 6.225235580806836515e-05
3.028254680183296218e-10 4.484776967804222827e-04
4.772515610184028132e-11 5.458791475394808319e-04
-3.359586567166398719e-09 5.419331165395257816e-05
-3.253773171999980324e-09 6.073455759749687353e-05
-1.319117865985757332e-09 4.366013263255294811e-04
-3.597436694398213075e-09 8.780920152643617636e-05
-1.511907291910744541e-09 4.574780379154060441e-04
6.661625912230007649e-10 4.346198906109329505e-04
-9.262525234873945363e-10 4.478638350620277775e-04
-5.444317454534685272e-09 7.714109398307774810e-05
-2.110633445144151237e-09 4.738962870767181009e-04
2.501614087089967261e-09 4.487690484740487350e-04
-2.950776861791334984e-09 4.795460651656783337e-05
-7.328125522801194932e-10 7.134611338988871003e-05
-4.065157576592567218e-09 3.697462998645680249e-04
-2.403128239656074608e-09 6.472965040218890350e-05
-1.951725262532409950e-09 6.982174504780960149e-05
-1.662762276139064364e-09 4.444396405266493847e-04
-4.239731316052628238e-09 4.630755335631738618e-04
-3.790718832235870721e-09 4.921964454221300356e-04
-3.782833488820479211e-09 6.640086783171577896e-05
-2.383432890889075808e-09 7.822632899101003220e-05
5.128282587838900027e-10 4.999225562603941669e-04
-1.169658236479794236e-09 4.352513183166064692e-04
-6.726384623998269715e-10 8.042784553581252974e-05
-9.224443501595262400e-10 4.741853604599281422e-04
-9.421275682230457105e-10 4.632804296657073604e-04
-3.612163404561904296e-09 7.892418982337051495e-05
-1.214460864566541217e-09 7.984234926526972650e-05
-9.101124804542826893e-10 2.631835204172078670e-04
-4.229726619618332114e-09 7.268405707001516060e-05
-8.899159238571704788e-10 8.674431833166237578e-05
-1.662897908368503197e-09 4.589401303992019822e-04
1.385264280183652988e-09 1.013868653884090663e-04
-7.243095525645131353e-10 4.888276330119760080e-04
8.313017022359763547e-10 4.904747387091190148e-04
-4.168473173575118899e-09 3.882330970939869112e-04
-5.659667785479343013e-09 4.774360332909428927e-04
-2.570408289915609433e-09 2.700212660798745595e-04
-9.322591973019845802e-10 3.707867620835311111e-04
-9.516372921649793605e-10 8.192565485782500232e-05
-4.191013962024625721e-09 7.751951488311762859e-05
-5.334782813776752990e-10 3.482676206068356477e-04
-3.499440730397377783e-09 7.168298464805746169e-05
-3.159182212423210265e-09 7.691267983869077955e-05
-1.210148717793420948e-09 7.256693672077964719e-05
-7.276020372391213363e-09 7.921713206337691439e-05
2.193041735090438637e-09 2.065552306676650667e-04
-4.373436478868474805e-10 7.840003273753941293e-05
-1.969445877507595117e-09 8.408612037180659201e-05
-5.093809578108608104e-10 6.553353431350241647e-05
2.355599900557227823e-10 2.732847302801075934e-04
-4.433833015400494869e-09 5.722233373146274829e-05
-7.449729195737494703e-09 5.663468348179753970e-05
-6.205496970842812952e-10 6.810304663252162382e-05
-1.401120430935263453e-08 6.812732191977372259e-05
-1.575171722251942412e-09 2.626210013151187954e-04
-3.192595286646997150e-09 6.758435566199311097e-05
-1.783125505731131665e-09 8.858604595657447857e-05
-1.178166898626181754e-09 1.563818149389988846e-04
-2.071312264439503258e-09 2.394410007710268378e-04
-2.503542721196847979e-09 2.682157296592316688e-04
-2.932465868205717363e-09 7.064341184542836060e-05
-1.336840874406274548e-09 1.630596638630035897e-04
-2.298661692035057745e-09 4.955893564807403544e-05
-5.170394952684408188e-09 2.105560302918043920e-04
2.398559796757647085e-10 6.997362098522498183e-05
-4.476860215381261619e-09 7.731604628554853071e-05
-3.498904982585480225e-09 7.742888580378519891e-05
-2.179057358148865273e-09 5.900577933615648308e-05
-1.684618617623317599e-10 7.100906715193206994e-05
-3.516697369478111211e-09 6.800528241355049573e-05
-4.109088863849937432e-09 7.781947303691749262e-05
-7.072716459919087367e-10 1.364666933034287637e-04
-3.209220951607452744e-09 6.419280607007486240e-05
-2.248690968214895844e-09 7.986963177837195843e-05
-4.345905989024076248e-09 6.205035337915620907e-05
-5.522355142272982935e-09 6.504800977219271684e-05
-3.676185540076385461e-09 7.685002723696495982e-05
-6.533941884488925323e-10 1.489025469614819303e-04
8.689384642633146905e-10 6.474414631437496533e-05
-1.998635979107767751e-09 5.670155084408320847e-05
-3.876128008115008785e-09 7.260035989633779137e-05
-3.330809547445810467e-09 6.165029646186598246e-05
-2.560595321025998297e-09 9.728699819933081332e-05
-3.717045110857407895e-09 6.122207095461352697e-05
-3.908771844557147131e-09 5.755612701258224406e-05
-3.623362617412026358e-09 5.996896604234383597e-05
-8.931267644884472716e-10 5.792968526993478489e-05
-1.005617565065430087e-09 1.134030800220690611e-04
-9.922044366901681715e-10 1.177358291271361263e-04
-3.993840861624631153e-09 7.232966766861079265e-05
-1.754107601794400747e-09 6.073140216406523165e-05
-6.495535216840211724e-09 5.549230084597937780e-05
-3.448341116270334570e-09 7.158443590833352902e-05
-2.275786588300210393e-10 5.503174543149622880e-05
-4.922637334339916582e-09 7.961468264116035548e-05
-3.847927150914692071e-09 7.530136096202738800e-05
-6.601808619894510514e-09 7.521292297277986684e-05
-9.798259901505201952e-09 8.778406170824026844e-05
-2.240836642259663266e-09 8.305670425505895895e-05
-8.310723669755716227e-09 5.745672444588915549e-05
-1.645333340442577335e-09 8.753877276790661866e-05
-8.541716381712670585e-10 8.737232635045691538e-05
-4.794008023929955296e-09 6.153135929363972559e-05
-1.976098971759104617e-09 6.964008339372598376e-05
-4.946103834588044547e-09 8.646357787034673675e-05
-3.800750083137859688e-09 6.938996775301061750e-05
3.782927934790881698e-10 6.853921340890364237e-05
-5.821165682418158149e-09 6.767076060683299059e-05
7.965980432369326601e-10 6.687345061662357270e-05
-4.326008734644991333e-09 6.526932068545808886e-05
1.000704459535696784e-09 9.104865607013422726e-05
-4.302242480761359481e-09 6.907080977740389207e-05
-2.542311304579700850e-09 5.741005370829554977e-05
2.631069784327283649e-09 5.681174846358825542e-05
-8.201495236195728277e-10 6.981100356680334639e-05
-2.570089197478256271e-09 6.651620481330440310e-05
-4.225412036702890938e-09 5.712430122135497167e-05
-2.024781045549918061e-09 1.024307824938183373e-04
-3.181238609849086149e-09 7.460932504697889256e-05
-4.491708909097822536e-09 6.741014231244982235e-05
-1.311184711798098443e-09 6.938117267745445328e-05
-2.945196096761477185e-09 7.384039855855345426e-05
-2.339036520664987480e-09 7.170220976394525334e-05
-4.294595733055317573e-09 6.410397794509948633e-05
-3.723843023287312996e-09 8.874593989086616386e-05
-4.007341383411487941e-09 5.713692384895208810e-05
-4.120038202463255787e-09 5.829203036047104461e-05
1.634851309215414111e-10 6.342579918939101290e-05
-2.281487366237022028e-09 6.901613167189149371e-05
-1.310060330185158532e-09 6.351248162303607388e-05
-4.812779475016519871e-09 6.726225750723955179e-05
2.310792880297738747e-09 5.666821020793277988e-05
-4.616736988321749752e-09 7.325461112948686011e-05
2.724631286089349578e-10 7.066638061284346553e-05
-4.314358625897425985e-09 7.047792364482079327e-05
-4.507098501665106730e-10 7.068812453496151060e-05
-4.978019127511455037e-09 5.994201533115599842e-05
-2.298801352646644998e-09 6.533308883738833889e-05
-1.271997691988056430e-09 1.052416420509816260e-04
-3.117682256425209186e-09 5.538214904082459629e-05
-3.345057842985592533e-09 7.378687598575116866e-05
-3.969522892608387203e-10 7.968214466731760872e-05
-6.943670491657959442e-10 7.299767320319627893e-05
-2.939235937760498638e-09 6.675960552911936168e-05
2.266789292456297244e-09 8.307929303603073864e-05
-4.080627176808831548e-09 1.182012171922161456e-04
-1.984203808492424092e-10 8.207321725442812328e-05
-3.140348659052618096e-09 9.292491212679409131e-05
-3.267021790958891410e-09 6.843185192551476176e-05
-6.365905332840568491e-09 9.020266517585209050e-05
-6.094285602359916403e-09 5.667561197599161964e-05
3.653422910303966770e-10 8.085079500442719877e-05
-2.646419316075816625e-09 7.021833653229782172e-05
-1.143758041310831818e-09 7.926171766619071531e-05
-1.816357690074096120e-09 8.385401908566902658e-05
-1.093989863161621924e-08 5.650377264932706435e-05
2.374284925789341559e-10 8.503281945000532374e-05
-1.535139175553313810e-09 8.634404670111777086e-05
-3.903310998048103713e-09 8.731611810829871035e-05
-4.702095639858962957e-09 8.277118072844704365e-05
3.275466567864603247e-10 1.596198970527983128e-04
-6.136827666088759145e-10 7.491055071778741253e-05
-3.354171618454890297e-09 8.478348823987506128e-05
-4.081106050269851302e-09 6.635653422360635110e-05
-5.269858519824659487e-09 6.816132885879386152e-05
-2.560460208030132621e-09 1.050743768618877968e-04
2.003684212513989021e-09 6.977274261536160131e-05
-4.612739436440723223e-09 6.573320648296587321e-05
-3.586433958370200509e-09 7.987734971929553627e-05
9.432043703295936690e-10 6.002463918720427082e-05
4.789823077669219665e-09 5.473091968538124264e-05
2.575708757206901669e-09 6.836544923933496830e-05
-4.562745036536479298e-10 7.093607973118759439e-05
5.153823445326485743e-10 6.554621837927641231e-05
-1.915182999019513995e-09 7.038090558303247213e-05
-1.878565233398184211e-09 7.058362616783184413e-05
-4.433710354091002555e-09 5.378980945541329074e-05
-4.376086216039467961e-09 3.690548685858648613e-04
-6.145590265014281184e-09 6.195178026034894316e-05
1.239886121344010535e-09 8.179492386256767523e-05
-3.825883856014909599e-10 8.593746899799673011e-05
-5.918547053748231105e-09 7.850124231153871263e-05
-6.956720372392848778e-09 8.827288052240932366e-05
-2.096753851171838866e-09 8.245439161785864568e-05
-4.320367815705349656e-09 7.689087240133287327e-05
-9.635564062095106691e-10 7.366686847185540744e-05
-6.527535279351188113e-10 9.301919466017115920e-05
-2.199893636630643993e-09 6.944611129064384074e-05
-5.354128611491966448e-09 6.632921091695090495e-05
-1.349652558999285598e-09 8.465422932852027782e-05
-6.025107752251620986e-09 8.070987684411110258e-05
-2.150475199250415879e-09 1.306983304482024126e-04
-8.168303146888103296e-10 8.530659441854358826e-05
-4.476373271200855535e-09 5.096450342952419158e-05
-7.644392777392040443e-09 4.824290616055756334e-05
-9.276991954174209006e-09 5.267749287187613544e-05
8.885795972621954610e-10 6.819724144231081712e-05
-2.740238223878569213e-09 7.171931401062427451e-05
-3.955030613939929260e-09 5.375492004153801189e-05
1.302100876820204683e-09 6.475203957315685071e-05
-2.050909769207273851e-09 5.750113176097357536e-05
-2.916804391036315045e-09 8.116567456778255940e-05
-1.966067867000850967e-09 9.111473207796639900e-05
-4.690293794010862999e-10 6.423194668872013458e-05
-5.142003056004618184e-09 7.726212046957965825e-05
-3.346952137151172110e-09 6.274492657384578796e-05
-2.735289440454129145e-09 6.259861224471000734e-05
-5.681173026111156132e-10 6.348845748535204999e-05
-4.824606680055782911e-11 8.599083993505202031e-05
-4.872545225019686299e-09 7.787518942536365526e-05
-4.016131089317114389e-09 5.444755879841753398e-05
4.329915397832123042e-10 9.011490516085200438e-05
-8.247295555890424356e-10 7.494568682517959693e-05
-4.259054406128818815e-09 5.390841970542692007e-05
-4.705201302428242710e-09 6.393110728005154991e-05
-2.858145173869916820e-09 1.875442269847723870e-04
-4.071281472804059310e-09 9.034581951640375684e-05
-4.691522725762514515e-09 8.058174507133615029e-05
-3.275610811508832562e-09 5.779368275014235213e-05
-1.791063946811927461e-09 1.012141064109463626e-04
-1.765815762664162990e-09 8.018669330864232954e-05
-3.709610144557455993e-09 6.911672402569387112e-05
-3.018446440180977933e-09 1.020853218359585817e-04
-3.497103749190333496e-09 1.011575906278701869e-04
2.735566418224534644e-09 7.055762606492893920e-05
-1.117583627383924784e-08 8.251134865795822760e-05
1.513724970769345987e-10 7.189379165579480330e-05
-4.775056350449128803e-09 6.446655993631438550e-05
-2.500968011477584792e-09 9.158183875502355479e-05
-3.102696100532723800e-09 2.807199810186127736e-04
-7.657903440485566409e-09 5.812037987691887438e-05
-1.121464177234531376e-08 8.358192503230850836e-05
-5.999582675912805905e-09 8.252919454139171255e-05
-2.572275199038747321e-09 1.235156732262574690e-04
-4.305477324492728057e-09 1.039581859895951678e-04
-2.419478582088162331e-09 8.145549666051841531e-05
-3.592872729202298226e-09 7.764617511566363677e-05
-3.659547744125710239e-09 9.145759427112733198e-05
-1.665032910279150632e-09 8.836396124981861500e-05
-3.341605031886258405e-09 2.960534583796805728e-04
-9.640716485107894270e-09 6.927967495404243009e-05
-2.304083365295895498e-09 1.070572346437293480e-04
-7.491376633522814490e-09 8.368285213883616756e-05
8.799707270133192873e-10 9.486927083641785697e-05
-1.764335243069062814e-09 7.402966823931660231e-05
-4.772047868910266782e-10 9.497224771151351725e-05
-3.839663078955453304e-09 8.967965625395539985e-05
-7.986964442497579445e-09 7.982598910765448014e-05
-2.919905644258360242e-09 9.438024550830528261e-05
-3.466904203742926290e-09 9.024645188212194775e-05
-3.657091675433290801e-09 9.013207640788550878e-05
-6.919750154262071951e-09 8.797028185983423246e-05
8.663826701068348880e-11 9.116985297122142621e-05
-5.116409280443009205e-09 9.210817326588305223e-05
1.770673092269773633e-09 2.038689158571077977e-04
-6.031660708303696471e-09 1.928189962398295463e-04
-2.221382096657424648e-09 9.256376200680010828e-05
-7.866241714747956009e-10 2.878544723690059834e-04
-1.655999091020940173e-09 8.164699873939032721e-05
-3.457739505143811824e-09 7.883865500534995984e-05
-5.848435063004326640e-09 8.533376304219606931e-05
-6.745859806396049644e-09 8.565476337370160273e-05
-6.597517192333425921e-09 4.496881075951635271e-04
-8.990261544850816828e-09 9.904341457758532188e-05
-2.358670539674500303e-09 7.853961908466446128e-05
-5.388248755273541821e-09 7.865369283060780637e-05
1.230378014904356821e-09 8.274937976697684810e-05
-3.503468520009475379e-10 1.712389652626186579e-04
-1.727093368955978620e-08 7.770315821329666899e-05
-9.524771207088489053e-10 9.571363628664737722e-05
-3.400541559642293857e-09 2.231335071348622954e-04
-7.462128291307604414e-09 6.673251537982880410e-05
-2.848864233126034284e-09 1.717128029541399440e-04
-3.066358789212319261e-09 2.185078474496969243e-04
2.202489537521092660e-09 2.145782165972174747e-04
-2.348773771746392088e-09 2.726012419094410747e-04
-7.012345361019307263e-10 2.403140137868108755e-04
2.244700581005159701e-09 3.121184317965572321e-04
-2.170303871161766397e-09 2.828985768080294143e-04
-2.681251344512523972e-09 2.277211667493728381e-04
2.109987228319701634e-10 1.973573645615243075e-04
-1.868259581177326279e-09 2.441067176572731911e-04
6.496975808179374008e-10 1.429275393879705903e-04
8.476315071205753993e-10 2.313335747310789337e-04
-1.435459529347797141e-09 2.446352138668094530e-04
3.456113628574910710e-09 1.585943880077512471e-04
2.014381705016827358e-10 2.291093085700440194e-04
2.210022037685470244e-09 1.406685899152544650e-04
-2.612944183516324502e-10 1.748896061302394097e-04
-3.852152244248042522e-09 1.513894108244014179e-04
-4.175189439044158392e-09 1.399224137479102882e-04
-1.252634353830559666e-09 1.426908017183848264e-04
-2.164291598882246009e-09 1.536817024155062879e-04
-4.815145913465519956e-09 1.726304272450009938e-04
4.971621959619114023e-10 2.338334584726879239e-04
-7.275404402914525888e-09 1.534361250754418514e-04
-3.222555590255655767e-10 1.048440272098796549e-04
-3.989307859831180429e-09 1.811175239971262146e-04
-3.237732943913477931e-09 2.216151606900540482e-04
-1.406381082328199209e-10 1.839750532607627566e-04
-6.004772756173442662e-10 2.231008316952302927e-04
-4.543086825847650536e-09 1.857822218298174318e-04
-2.712493273400697175e-10 1.581579408616936189e-04
-4.249568858299351947e-09 1.992339559847083549e-04
-2.479360819484372768e-09 1.441571123158649510e-04
-1.852200721748712523e-09 2.164606387073826621e-04
-1.068125160599593096e-09 1.882293464369957795e-04
9.665183554734354804e-10 2.168172190505662409e-04
-3.733415300944896963e-09 2.113691979507320746e-04
-2.640907555047007122e-09 1.746892323538551037e-04
-5.960849563696617064e-10 1.977521162799877950e-04
-5.178016839059783356e-09 1.809746619780568490e-04
8.215249278043873192e-10 2.369419963544043431e-04
-1.879678656366867336e-09 2.229871715198277035e-04
-2.947982889027383913e-09 1.933495354708974622e-04
-3.989615491899299839e-09 2.647544352439757005e-04
-1.888417088438497700e-09 1.743396034519137632e-04
-3.747466016924826762e-09 1.750371966689154312e-04
2.227836386461367950e-09 1.988471379506335439e-04
-5.024391006657509978e-09 1.788887793228885156e-04
3.821322239464733436e-10 1.909708310715746188e-04
-2.988174509794186774e-09 1.652109997429019065e-04
6.369467373538439603e-10 2.230079031294276352e-04
3.970455089231989895e-09 2.096857151291706253e-04
-3.235261706462519325e-09 1.720997263511094878e-04
-3.848702367243993190e-09 1.657069393963257037e-04
-3.136348217954051071e-11 1.149314957956152711e-04
-1.743225699663919269e-09 1.779014078632121742e-04
-3.468095953390152590e-09 1.659627542671524199e-04
-7.274044013471864092e-10 2.247297682184955540e-04
-1.526563930220350866e-09 1.607384481929274649e-04
-4.670552763053211795e-10 1.805507335883452865e-04
1.524805493776964166e-09 1.608569930139321699e-04
1.130883519893786383e-09 1.675962331339352247e-04
6.010852279406624059e-10 1.572441607354642054e-04
-5.627527747134803534e-09 1.614858668600250083e-04
-4.508759228756091308e-09 1.481564544065567981e-04
-4.695780870245080008e-09 1.633646984604280206e-04
-1.181674339162797900e-09 1.600527168668921466e-04
-3.650967223022845398e-09 1.712527748972224447e-04
1.848470197456776585e-10 1.103250844028058012e-04
2.222314197153004697e-10 1.161880675588824449e-04
-5.990314308081808831e-09 1.774118501848222684e-04
-8.115718626862707908e-09 1.910181688436897820e-04
-2.815183916687384714e-09 1.295191379474739779e-04
2.537288860789104994e-10 1.577026523782072709e-04
-2.192762407802374639e-09 1.420886221880310893e-04
-1.546926145186110720e-09 1.781621953354019260e-04
-1.507771896268117840e-09 2.007003317848776204e-04
3.190033335919709101e-09 1.629183813630987214e-04
-1.927608442918955984e-09 1.534308160267786470e-04
6.067171538969991065e-10 1.585145375198611481e-04
9.467257248275371634e-10 1.711029066288575356e-04
8.730472875761241527e-10 1.674808519177787690e-04
2.342663109672002779e-10 1.902662578347040240e-04
1.747984349521630427e-09 1.231155611625083912e-04
7.689659603279704720e-10 1.399683790027846943e-04
-9.473677315325922796e-11 1.633554667886192972e-04
1.717167502565062270e-09 1.732828313632170099e-04
-4.137695729950648435e-09 1.594883990826423956e-04
-1.771786163528503714e-09 1.674489296041474029e-04
-1.921210030553388540e-09 1.170186953634948359e-04
-4.902665003468232698e-09 1.666374140124887043e-04
-7.986085681619170339e-10 1.129043779212451492e-04
2.630664052756662772e-10 1.513581886121574509e-04
-8.164133650636020763e-09 1.673798047362627054e-04
-1.618822307236290675e-09 1.213610726741182075e-04
-2.962500024796515703e-09 1.907398935059900530e-04
-2.027493627320652896e-10 1.906910009195940392e-04
-3.916266361099852925e-09 1.564620802953928193e-04
-7.810958755609349027e-10 1.162668266289329890e-04
-4.177165409347915620e-10 1.509793369450200410e-04
5.195578636038346362e-09 1.568629432488293212e-04
-9.137425820593825665e-10 1.567137979072459738e-04
-1.698115284893271275e-09 1.976135343508075458e-04
-2.172727779015253308e-09 1.608897700871302376e-04
-4.087319005779163935e-09 1.415385939589071493e-04
-3.238473909622795436e-09 1.568920025890748978e-04
-3.588322362653438282e-09 1.532175595639648864e-04
-2.617806856681357330e-09 1.519169321878168335e-04
-4.694328422990369433e-09 1.915228241564463901e-04
1.201550909568741708e-09 1.615816483283116875e-04
-2.714096075977567379e-09 1.566663175491946427e-04
-2.540160907697637234e-09 1.630137077670711803e-04
-9.728870479232090391e-10 1.757930931795160666e-04
-4.059572021661727450e-09 1.890562245458158339e-04
-3.277722451663329605e-09 1.663914801542844420e-04
-7.247475022604540311e-09 1.973627760049679106e-04
-8.103638793317858179e-10 1.721315614643640246e-04
-7.101499062300735337e-09 1.871004348031568250e-04
-1.476753546657481419e-09 1.869296914861271050e-04
-1.822800535595761696e-10 1.821331127545040157e-04
-7.204403755139026791e-12 1.916763532061274580e-04
5.345372757395990851e-11 1.981806346928685506e-04
-4.277329255133548872e-10 1.812561537418103802e-04
-3.552453666501898252e-10 2.033514978622594194e-04
-5.628259174819544042e-10 1.568656374574385159e-04
-2.958976029581294355e-09 1.573219388596750964e-04
-1.510153035656133700e-09 1.851212754124732145e-04
-2.261815438388410947e-09 2.232224887353416378e-04
1.433974447810131439e-10 2.268210428528349574e-04
-1.789688163251480851e-09 1.867677423631544111e-04
-1.327632717565643867e-09 2.242194893466994759e-04
7.455122415717122270e-10 2.331252776620613813e-04
-6.753173366791023202e-10 1.875114227493373143e-04
-1.003439318187455239e-09 1.877585384232598349e-04
3.311581512184929097e-09 2.237487661231564646e-04
-7.370188024467001988e-09 1.904007307214035990e-04
-2.128297518564561944e-09 2.444834109605269852e-04
-3.634743761107584916e-09 1.804925572973307664e-04
3.041351121890845620e-09 2.287200183285152384e-04
-1.946515332004695888e-09 2.253396372363964545e-04
-2.647811859211223929e-09 2.210641718002572171e-04
-4.994198486145162647e-09 2.362731467749994412e-04
-5.564850767600418306e-09 1.721250916349855115e-04
-5.357614210443218269e-09 1.271848473789918387e-04
-2.945144515486610893e-09 2.212665133728247387e-04
-1.158685513940162468e-09 1.717698782024141928e-04
-1.763184225297891321e-09 2.306620792891499205e-04
-2.030058320571089920e-09 1.840280707133052274e-04
8.143444639369197178e-10 2.249226986501846469e-04
1.719375255403827682e-09 2.433859976113075156e-04
-2.837743185606570495e-09 1.222073911892593886e-04
-3.318961273438278740e-09 1.788050999227216065e-04
-3.779747436996353001e-09 1.469967804944726680e-04
1.463678136086675154e-09 2.372776697786718541e-04
-1.919917862047299421e-09 2.009520816869779926e-04
-4.998319695357053079e-09 2.304092057600885693e-04
1.867965732062221151e-09 2.284962531762379384e-04
1.095532971204237542e-10 1.590515672095716348e-04
-3.030326838888644181e-09 1.552956253782232835e-04
-1.266067991254842805e-09 1.688575048045122507e-04
-3.448251309222590641e-09 1.772015361448095786e-04
-4.736383661102581199e-09 1.772881393316994719e-04
-2.621194122716520557e-09 2.085740662461077737e-04
2.751077358682923533e-10 2.038347595816107855e-04
-2.848442244811388459e-09 1.609261967023342004e-04
-4.315690959121695334e-11 2.209437724661690485e-04
-4.080068661036132413e-09 1.806353691937307706e-04
-4.806976712520169834e-09 2.194235375849307840e-04
4.511803342229286246e-10 1.588717137969831539e-04
6.707444570090809790e-10 2.144161454527780924e-04
-5.253611888690300079e-09 2.084477948486157777e-04
-6.637774530088089606e-10 1.854440984245641212e-04
-8.606104128451030768e-10 1.994338215782800170e-04
-1.749206609314766265e-09 2.166847868276918691e-04
-6.415675821492506286e-10 1.575625709563596179e-04
-1.649525163376934491e-10 1.939530541078562887e-04
-7.572056031086550440e-09 1.836651126121556683e-04
-1.240407102427295091e-09 1.943741129063677466e-04
-1.776712110853081136e-09 1.920787291185436845e-04
-1.037484280436807879e-09 2.009318202163431729e-04
-5.536882177170759620e-09 1.621604809098865991e-04
-2.526211892840225186e-09 2.061754950067596324e-04
3.245736008242582940e-10 1.920919279451154427e-04
-1.055253665171316695e-09 1.921704599171460593e-04
1.476717668098672428e-09 1.979687900217842647e-04
1.805340260877462867e-09 1.648004656638035455e-04
-4.632737226465430086e-09 1.322570795027210207e-04
6.830100963169144826e-11 1.841291015371026988e-04
-1.952519613958550902e-09 1.268918703139286877e-04
-2.585430313247456667e-09 1.906994925172850511e-04
-2.171197019019554059e-09 1.895017447741602454e-04
-5.651561921389980803e-09 1.875175880563763266e-04
-4.334158030980988918e-10 1.938110084017273169e-04
-1.263556440169578426e-09 1.790681212734797844e-04
-1.543414190977467543e-09 1.911933716810183576e-04
2.544726889641047622e-09 1.569253482994597550e-04
-5.212212327448770650e-09 1.962677678299104079e-04
-2.302911610064645197e-09 1.971038394184712421e-04
-7.454508985723143071e-10 1.801088184625648163e-04
-2.836084333026926880e-09 1.850501727583909518e-04
5.243341383137751823e-10 2.002308887707655600e-04
-2.809271346854380377e-09 1.804797522316638040e-04
2.148114652058511097e-09 1.915082089159099183e-04
-2.935606462499476258e-09 1.527912786614909579e-04
-3.544321885823366110e-09 1.805417460541841612e-04
-2.912439568980381063e-09 1.564154365720704046e-04
-9.669453223338585287e-11 1.727315611294950252e-04
-5.549348043410356506e-09 1.958337132600414092e-04
2.139893573751023907e-09 1.957938422715930615e-04
-8.804064965124359145e-10 1.887471001190220280e-04
-7.081259249807986334e-09 1.756677235885254255e-04
1.119279532635786270e-09 1.814389143297636959e-04
1.902116473127487007e-09 1.575084641250307227e-04
3.042090505253443862e-09 1.775959350917102365e-04
-3.167649781095005739e-09 1.931617812412715336e-04
-7.468147751841235604e-09 1.913671961713755976e-04
-4.947095989886689213e-09 1.550342050482526760e-04
-4.622784239152253508e-09 1.932571566333695604e-04
5.804382721721206194e-10 1.883987440941438526e-04
-3.952741763534728173e-09 1.791430168027195507e-04
-4.486888337698309613e-09 1.892449715980242366e-04
-3.077428382193580426e-09 1.946500217193769360e-04
1.693115577268112983e-09 1.398411966210393877e-04
-1.123487368222429689e-09 1.879007009783326305e-04
-5.512259618627509369e-09 1.743301919608072415e-04
-7.837472041334383171e-10 1.810794642892178902e-04
-4.577726812361628904e-09 1.474422687614001951e-04
-6.318406019460880852e-09 1.477535694967322766e-04
3.906611006860087501e-09 1.110670149867792726e-04
-6.939022158816197421e-10 1.885218480718276954e-04
-1.402469832171526419e-09 1.487499882711607025e-04
2.882363529994431596e-09 1.805038392822914137e-04
-1.869757905924477357e-09 1.457632717491184134e-04
-2.077604655710128038e-09 1.734214017232069919e-04
-1.616891033255642502e-09 1.726757724626650501e-04
-3.050696182554897624e-09 1.194830065755163708e-04
-4.910765653301220593e-09 1.868883145040425094e-04
-1.421634086369295017e-09 1.650807851908547299e-04
-9.443837642517292340e-10 1.668538164571850731e-04
2.051769519117422451e-09 9.785640905850231431e-05
-1.003041084360464706e-08 1.671331310706989997e-04
-6.697622428877700935e-09 1.201217466240352724e-04
8.479414159638377426e-10 1.446386939988488602e-04
-1.431413929372673724e-09 1.078945919223164401e-04
-1.048875932936905661e-09 1.660997491911508862e-04
-3.315517706104566899e-10 1.691891385179071419e-04
2.852359962225309914e-09 2.056696412096361811e-04
-6.197866703841862486e-10 1.764238948123016896e-04
-3.605573745348828913e-10 1.616371386169357849e-04
-1.621951037678746480e-10 1.476645872926252720e-04
-6.990044231397591346e-10 1.689894723898045781e-04
-2.454600258746996840e-09 2.003697563833014162e-04
-1.049017320202330090e-08 1.608397665153987299e-04
-5.091066818029828018e-09 9.831638387385692175e-05
7.199787383972963086e-10 1.776114133563455892e-04
-6.344919942935867674e-10 1.443201005579568459e-04
-1.406326760353097020e-09 1.901214699244800708e-04
-2.461541581248195969e-10 1.140274707036793058e-04
1.832014780370793799e-09 1.845213808295246443e-04
-1.776758696041131345e-09 1.823977448559665603e-04
-4.671698300475112054e-10 1.648998919913238564e-04
-1.750138975899031176e-09 1.647300388658961819e-04
-4.571766439519401534e-10 1.734548024339250486e-04
-5.742441731085758851e-09 1.656474861421190412e-04
-1.985607449605757909e-10 1.715646935637958853e-04
-5.748140394090934883e-09 1.752218489138188335e-04
-1.770041677579265304e-09 1.721727619378028674e-04
-1.779484342301369946e-09 1.667707332162754593e-04
-1.685444767982483194e-09 1.922855719527862862e-04
1.159745515197994809e-09 1.401624726619756845e-04
3.106704295873095587e-09 1.418700808174471037e-04
-1.889516502301325266e-09 1.359514194054684574e-04
-3.879973131135189459e-09 1.864631642010490726e-04
-3.111752137523431330e-09 1.755836290581804806e-04
-3.800532767105525506e-09 1.484162960128389795e-04
-2.294139046675843401e-09 1.650818049515554982e-04
-5.173328464516259451e-09 1.922106998229673215e-04
-2.918212873125354874e-09 1.368120834873463127e-04
-6.538031113726911256e-09 9.488580901674135894e-05
-3.262415245708747482e-10 1.326502475760285246e-04
4.917639042048847229e-10 9.432825835998939008e-05
-3.645343652579308044e-09 1.864097151030890320e-04
-2.463284283181115196e-09 1.465339847522234649e-04
-9.311060745543797025e-10 1.679608408467880691e-04
2.884491951763313355e-10 1.499255584905614675e-04
-8.667373314532348897e-10 1.896579692488607272e-04
-1.809163091083216689e-09 1.484513943927144694e-04
3.262478870065184024e-10 1.815743132309879612e-04
-5.581032729858586103e-10 1.563843488909838649e-04
-1.734130129638711287e-10 1.231805660909085205e-04
-2.328147638367620998e-09 1.852259450949846021e-04
-1.925080020461158745e-10 1.446124611597112385e-04
-8.690973195316799928e-10 1.624994508846825400e-04
3.664476660870939455e-10 1.875030924950988438e-04
1.241885858671104674e-09 1.545984491307551151e-04
-2.511983200603658245e-09 9.078123155500339935e-05
-2.747016264629572495e-09 2.014662678396038202e-04
8.315966770014965416e-10 1.818591154219560994e-04
-1.732865075798149794e-09 9.545995611118867036e-05
3.363712427092053513e-10 1.145777493547165001e-04
-3.554883921133357918e-09 1.533260930576889032e-04
3.052324520526442904e-10 1.831007275694462107e-04
-1.094593255863789936e-09 1.581739888525746172e-04
5.008333870204601972e-11 1.757202321049241526e-04
-1.922465083476326079e-09 1.850763315179323023e-04
-3.945385627711409552e-09 1.563492326583096814e-04
-7.489172598254629573e-10 9.401006968460741181e-05
-1.218139170381064032e-09 1.606194047218440662e-04
4.588490165363263943e-11 1.720597696852834313e-04
-7.601256419179597562e-11 1.771966668525625790e-04
-1.126933868665400153e-09 1.087620487302207861e-04
7.024107918555242716e-10 1.772854195583900723e-04
2.614217062567190423e-09 1.533064016069579476e-04
-5.324403066478933839e-09 1.771886178937023750e-04
-2.979484279098861761e-09 1.484062898063367129e-04
-1.079313134064307265e-08 1.514187631406635969e-04
-1.306224373124588624e-09 1.786322313698109445e-04
5.377002482445995846e-10 1.515042738237417622e-04
-4.787344899804625026e-11 1.884840304847820367e-04
-2.243783966061465524e-09 1.819122873113680045e-04
2.915075897213132320e-09 1.462294430034562643e-04
-8.785614835057213965e-10 1.745168433163227467e-04
-1.676490628501243424e-09 1.501931028084381578e-04
-1.019933902426662142e-09 1.630153677322581339e-04
-1.442851055225895251e-09 1.803795079469655105e-04
-2.385599074939809611e-09 1.496267724119372609e-04
-1.091254993292203063e-09 1.446952635239233550e-04
-1.711633644799714775e-09 1.527500267956642655e-04
-4.405960599769752351e-09 1.097651406698752202e-04
-2.171982512942072983e-09 1.751166588135928269e-04
-2.793754261755056969e-09 1.664358481155573451e-04
-7.054511113143730167e-09 1.862993614016892957e-04
2.177873270883850173e-10 1.260689604011886302e-04
-6.346311541410815898e-10 1.472069963119950224e-04
1.876464356871487930e-10 1.339742954678363701e-04
-5.823990344493689419e-09 1.549254725364849962e-04
1.254720659518552169e-09 1.423888654487153978e-04
-3.193641235205807879e-09 1.510582808196411439e-04
-3.297796743407294132e-09 1.455896563719265963e-04
9.468295921236029613e-10 1.758391362902442354e-04
-3.669256109110261418e-09 1.477896513268009014e-04
-3.489089350280107647e-10 9.172807970549087819e-05
1.307137138536334692e-09 1.890770432843589589e-04
-4.225267931646801116e-09 1.496514921143047585e-04
-3.202584662389228476e-09 1.135853602298925370e-04
-1.237343508602348603e-09 1.444181173046799928e-04
-1.016627772006778243e-09 1.251078992715199409e-04
-1.794594121736308410e-09 1.397961880658179926e-04
1.036544979803379867e-09 1.727328201020920701e-04
1.808451690587258919e-09 7.528267734452128020e-05
1.365340600954562857e-09 1.485913975606138250e-04
-3.226782066571754724e-09 1.428326430705715829e-04
-2.504582266630397914e-09 1.228292508567937515e-04
-3.364650559598252408e-09 1.448562247817997378e-04
-2.904618623723911283e-10 1.234067236183169635e-04
1.740477012932194477e-09 2.027655436894220298e-04
-1.017791974379338745e-09 1.392027983521249414e-04
-7.093976792446407250e-09 6.316930586549816264e-05
1.361471567313367640e-09 1.946314808452789997e-04
-8.115057913545160749e-09 1.557334692965085766e-04
1.195736074478245322e-09 1.407029525208128577e-04
-4.665999108264398660e-09 1.272827546325884518e-04
-1.797677319303078407e-09 9.553843524824939435e-05
-3.018070425733764038e-09 1.054907970868645517e-04
-5.689863366485831481e-09 1.633687639817075663e-04
-3.728636068847621733e-09 1.342351484263195390e-04
-3.150905679961004656e-09 1.225809349554702579e-04
-9.542897490898636594e-10 1.285874696505213749e-04
-1.795612502079718317e-09 1.313044827999794407e-04
-2.471081401134529229e-09 1.695233593082336480e-04
-4.956709684702050041e-09 1.292793632834434412e-04
-1.175516252821532026e-09 2.037553020228446575e-04
-1.378362031541622019e-09 1.786230195937606559e-04
-3.685916074002693994e-09 1.701193367720058058e-04
-2.915202341195884330e-11 1.495548398763308208e-04
-2.672392389456421682e-10 1.275303443264162501e-04
-1.182397404715859573e-10 6.262153871541360957e-05
-1.229103335940585723e-10 1.360043598385278247e-04
-5.707440974882809591e-10 1.163541730997317913e-04
2.975537828761029642e-10 1.923562478390886880e-04
-6.100251048052312077e-09 1.331558040411327814e-04
-2.275412280320693298e-09 1.327321855025279324e-04
2.183223328382872636e-09 1.336982209179962103e-04
-1.162248776604476667e-08 7.314542043119900223e-05
-2.140458292117712134e-09 1.834925025409035282e-04
9.956171809581412652e-10 1.666784434492541973e-04
-1.776904469028144458e-09 1.094616316004171503e-04
-7.039035140252100027e-10 1.396197235856768424e-04
-4.667533474831685063e-09 1.493175722608083139e-04
-3.406530609869315234e-09 1.837056070025478523e-04
-1.557874364272347851e-09 1.636251970790700565e-04
4.823749933985438949e-11 1.168700303737281205e-04
9.572327366530969780e-10 1.556027717081132566e-04
-1.170360213890918825e-09 1.839858035747042901e-04
-8.290316572884075004e-09 9.902309805364231719e-05
3.264295419302958324e-09 1.210427118873066288e-04
-1.874248927228522885e-09 1.908272961878978513e-04
-1.955629997079958757e-09 1.422754225610110054e-04
1.254348658815849897e-10 1.574803195567965142e-04
-5.478978500300336431e-09 1.724268834732015164e-04
3.120132181006413540e-09 1.459756111783961795e-04
-2.005677276721924516e-09 1.428581770444948347e-04
-3.530484613521810436e-09 1.567698790561085744e-04
-2.867140552674154830e-09 1.456662311726257986e-04
8.662029649176152317e-10 1.691545532144926893e-04
-5.145639121117156051e-09 1.586685207260193713e-04
-3.037537297636111995e-09 1.119205426750488044e-04
-4.734404942324431072e-09 1.998594999908433363e-04
-3.419302518220185696e-09 1.521417845191530701e-04
1.585660091116240398e-09 1.940585813759499226e-04
-1.669139705492778495e-09 1.766281216765725078e-04
-6.137570284493517167e-09 1.609449154554230788e-04
-2.869467441388502262e-09 1.503582530918536942e-04
-1.560747807140080498e-09 1.529010449203844341e-04
-1.634185628467835574e-09 1.825443746837703441e-04
-1.030369840380413685e-09 8.997073200142843288e-05
-3.704228654421865316e-09 1.036038495447309945e-04
-3.623605784207074799e-09 1.843218528091551754e-04
-2.225670216040322778e-09 1.527556535174630966e-04
3.273453994889475967e-10 1.983327567642363838e-04
-1.153516355836351729e-09 1.012259269402295502e-04
9.289263597428065255e-10 9.521681627264082031e-05
-5.468860088731505566e-09 1.291402443480673605e-04
-3.329362287794988296e-10 1.257764987538811008e-04
-4.930147135076043682e-09 1.375611212557728579e-04
-6.877939307922433899e-10 1.389101685467295075e-04
-5.541791697587199635e-10 1.180130200364008390e-04
6.851494037310170455e-10 1.208197925545129408e-04
8.972580765579818292e-10 1.371556824063327733e-04
-3.477491759614515363e-09 8.789054046256269785e-05
1.898124674644232925e-10 1.128010966922529928e-04
-4.010940550201492487e-09 1.356239712965963472e-04
-7.367968190182495219e-09 7.953830425995639158e-05
3.422186073339496274e-09 7.286041190300321878e-05
-1.147247971413625401e-09 1.231394892634141266e-04
-2.178951813467041310e-09 1.304591258637692824e-04
-3.328724086873310927e-09 1.369321217492620488e-04
-7.671682299214137505e-09 3.571088445687737461e-05
-3.528260568674125669e-09 1.422138069262425422e-04
-2.312806373837237674e-09 3.691433344142720574e-05
-1.278654498454135415e-09 1.437286020161552191e-04
-2.369934187737572677e-09 1.457061539266592644e-04
-5.988695943066858890e-09 1.452163682419449801e-04
-5.767207195758690468e-09 2.318208512362541934e-05
-8.693677024549740769e-09 3.666384501400698673e-05
-3.034332198165741967e-09 3.165679457224308753e-05
-3.972818716956008457e-09 4.457852278928936990e-05
4.110642322199002664e-10 3.627694252875329691e-05
-8.706552471977093939e-09 4.567492217859982315e-05
-2.048346010038673665e-09 4.843156564100840845e-05
-5.716169956437115499e-09 4.889366397711324835e-05
-1.773202700319719235e-09 5.006337095254774364e-05
-5.543334902834724422e-09 4.059178015241347393e-05
-1.281163892955985163e-08 5.033610181611101694e-05
-4.508136025837089906e-09 3.966623362008269349e-05
-5.458759083684493142e-09 5.260346534008125804e-05
-2.284043950909418001e-09 5.083979584066880282e-05
-2.599394459032329037e-09 5.117110584739116330e-05
-8.021440260631720607e-10 4.139788584584201670e-05
-3.698683255631854334e-09 5.119797984780498319e-05
1.072537808490530797e-10 4.959278208755841377e-05
-1.284659867575776431e-09 4.755596762733052372e-05
-1.274782054523425236e-09 4.259817533020767631e-05
-4.306310906656863022e-09 5.278456760347461941e-05
-1.666585886745476723e-09 5.004615344624874419e-05
-1.549174042705923825e-09 4.838405495785574699e-05
5.088651680506454811e-09 4.907640297814675135e-05
-3.005787825963283616e-09 5.288532661530470028e-05
2.948301047593182937e-09 5.292181148973105386e-05
-3.617780605044569730e-09 5.309116668665451387e-05
-7.982929946487586849e-10 4.854384303552833476e-05
-4.031860752495944297e-09 5.300602186422534218e-05
-8.549436570758903493e-09 5.132406026985740846e-05
-6.349316739066653760e-09 4.435881774288083355e-05
-1.649546476491869110e-09 5.650367296971584664e-05
-5.229377996773992067e-09 4.524537551906003210e-05
-2.579640382892079882e-09 4.859152195411618871e-05
1.362063175166396198e-09 4.663042631696143420e-05
-1.745156472502371891e-09 5.048768440669320397e-05
-3.260467870127585822e-09 4.053045965142170170e-05
-3.530868725479046179e-09 7.895067723494629899e-05
-4.842819129435091563e-09 4.671563669668741354e-05
-1.766881391633862026e-09 4.965737775785394436e-05
-4.767916303029330485e-09 4.472273886466441429e-05
1.612813425540049257e-09 4.464734859361641704e-05
-1.251551820128761133e-09 4.750881711124243758e-05
-1.991931181094371996e-09 4.430601019349489155e-05
-3.428320365417243424e-09 4.268121055286810955e-05
-4.288470661393509221e-09 4.344281128655020280e-05
-3.804772440556657393e-09 5.935221224133600072e-05
-4.594602125454569754e-09 5.082244694372765588e-05
-5.661664149576965099e-09 4.446843667606146898e-05
-5.503951608773309494e-09 4.478037914878336154e-05
-4.865246012974197930e-09 4.734287361340889692e-05
-3.069011947182377300e-09 4.504306295934529291e-05
-3.859420191175170652e-09 5.550096592700660004e-05
-3.939080948706884990e-09 5.440777029173895932e-05
-5.342035759435519153e-09 4.392378312835068022e-05
-8.479590182837878892e-09 4.688295658223956308e-05
-3.091677637206458923e-09 4.488700268265738571e-05
-5.577810741025446482e-09 7.131455609821060000e-05
-3.790722793490446727e-09 4.359102406352371247e-05
-1.677254978058498978e-09 5.194552183452242315e-05
-9.291866472346884155e-09 8.496468223361611238e-05
-3.653013211061024171e-09 4.864539365289179059e-05
1.443074381360642968e-09 5.260988660564557343e-05
-5.139243972225308821e-09 5.468291376394383992e-05
-1.480322402972058754e-09 5.460066061860545893e-05
-3.109059942437064084e-09 6.470883177361903404e-05
-4.518047672948708102e-09 5.074341617850592880e-05
-7.840693838357177825e-09 3.459080956498269082e-05
-2.487368674621762003e-09 4.647922325710853331e-05
-2.971728698629212453e-09 5.258349056948851584e-05
1.840682539541052061e-10 5.600363473726821761e-05
-4.049755025632853500e-09 7.685691009201373795e-05
-1.022588926651184056e-08 5.767404238516221729e-05
-2.014204077469019967e-09 5.682547322081860888e-05
-6.867165829836568768e-09 5.504474033513892051e-05
-3.657708001271352159e-09 5.726130711239950952e-05
-4.056758532936850818e-09 5.225691651481796001e-05
-2.219595971379543396e-09 6.028935232306211454e-05
1.379732612380374749e-09 4.814287614299140331e-05
-5.010796925060200093e-09 6.196298121633008447e-05
-3.899282671021043112e-09 5.338559660014882501e-05
-7.004030836923192396e-10 5.973473935119461443e-05
-3.219155601438344787e-09 5.359900176782956860e-05
-3.185110605701090661e-09 6.171385999672201236e-05
-3.002509548201545635e-09 9.238973449403541603e-05
4.363192058458686633e-10 6.079228683384462297e-05
-6.078320923919522664e-09 5.882250084935441520e-05
-1.436371973993471207e-09 5.840157465126783316e-05
-5.389362222194035832e-09 6.077868317180134286e-05
-9.965552678540757166e-09 5.790671270079618367e-05
-3.174487404349922670e-09 5.319957642988401233e-05
-3.239058869828840524e-09 6.020685243799499400e-05
-3.858540920506393932e-09 6.095733966822237438e-05
-1.302887778903092614e-09 6.166401984577874536e-05
3.590621117317749797e-11 5.936510649173646817e-05
-2.157831275638150999e-09 6.812945467749782530e-05
2.375258483426162841e-09 6.350731430941914941e-05
-2.215819178215975291e-09 6.335281533636514053e-05
-3.763336833969690731e-09 9.915874343325342308e-05
-5.275387289772899675e-09 7.782183110706074867e-05
-8.320837989585829347e-09 5.762371747951970533e-05
4.876180172789763542e-09 6.339007197109378588e-05
-1.047998408675373491e-08 6.145993742444631801e-05
-5.509450703426348826e-09 6.361037936738129551e-05
-3.226399750416522111e-09 5.499477367613557661e-05
-3.684230268755285878e-09 6.349051032648466049e-05
-2.634811662823620493e-10 7.312521332187939586e-05
-1.299269764011949394e-09 2.357836685858971106e-04
-1.856654874444797921e-09 5.992485381240467260e-05
-5.947144129759422163e-09 5.750992812795430100e-05
1.388311718806292294e-09 5.615797961863649231e-05
-3.801745073507246819e-09 6.652586212086366202e-05
-3.053175131993589665e-09 5.465962753957161695e-05
-1.481824313807034534e-10 7.288321470245020877e-05
-4.184048190516644027e-09 7.697516278306679844e-05
1.252981569962310667e-09 8.211279411387389091e-05
2.313841567363053785e-09 2.884386989565377408e-04
-5.599933298816456676e-09 6.405572568071169804e-05
-4.658737800255424589e-10 1.860516804163221195e-04
-6.696394357339764255e-10 1.897269226378535747e-04
-1.296311305399799102e-09 6.132929101768001487e-05
-2.334586323891617650e-09 6.094445336789934548e-05
-1.090822343677569155e-09 5.419061690040180947e-05
-3.465928764508170426e-09 8.804448346414839397e-05
3.026183505705145610e-10 5.558496842092425775e-05
-4.314174321091317182e-09 4.042714550947458974e-04
-4.168201864602558611e-10 3.376206578281139856e-04
9.800755457222402380e-10 5.973573371046451221e-05
-5.836525497777882391e-09 7.053262432322798467e-05
-6.376437619658094926e-10 5.393419122327366137e-05
5.185458099308874896e-10 2.533647495109018653e-04
-1.180446437749585510e-09 2.722870324978162501e-04
-4.668565570244290220e-11 3.596979687899177222e-04
-2.188382866868712351e-09 4.148270227363460541e-04
-1.948325556548064827e-10 1.468430013595383940e-04
-2.003067102147456562e-10 6.281079564988975377e-05
-8.773514707768854030e-11 7.140538793552861536e-05
-2.273477429719533059e-09 7.955141090520895838e-05
-2.256964208767562893e-09 1.891014233178879090e-04
-5.470168212588337400e-11 6.198960180946869246e-05
-4.075826811967581057e-09 3.044960134921318026e-04
-1.432229381389329718e-09 2.847966394926390479e-04
4.093857562886819758e-10 3.525222896137741760e-04
-2.097045495495132326e-09 3.110930423237028898e-04
4.103263990994339746e-11 6.834784344056852830e-05
-2.963533778798607724e-09 3.159159395157587025e-04
1.325894210556187348e-09 2.090839511898873431e-04
-1.715312274221630329e-09 4.215516429068214108e-04
-9.988919628197898663e-11 5.405148575117423682e-05
-9.365518931431520968e-10 6.314287992332990489e-05
-6.052117878775438564e-09 7.782610944364035837e-05
-1.704847837063351925e-09 8.659209895166385259e-05
-5.318535954175042841e-10 1.422262112238936174e-04
-9.170055585233124055e-11 1.056018274971021387e-04
-6.824893209697665924e-09 6.161246386100950470e-05
3.063797074776252200e-09 4.241342227599292111e-04
-1.991990025952107500e-09 3.796882879552246478e-04
-2.076540748487092220e-09 4.872868962019675869e-04
-4.802144238211448977e-10 2.094168994306960482e-04
-6.445350265155501808e-10 4.858311538091533385e-04
-2.492483887645586536e-09 7.268444116852557731e-05
-1.135246724020027314e-09 7.649729530763306592e-05
-4.325616164602494197e-09 5.152033089882814606e-04
-9.172127609663604411e-10 3.361905289071372084e-04
-3.740772333180589626e-09 6.727638783001634970e-05
-6.653539969385723922e-09 1.103462923991933761e-04
-7.425017954691820171e-10 4.931289188638048266e-04
-3.463268989530642441e-09 4.237363336010886174e-04
9.883450022200889292e-10 6.166477476100435404e-04
-2.319712821742728305e-09 5.519137217980332483e-04
-3.509928424796868028e-09 9.503151362603999336e-05
-5.009805155743524237e-09 3.412010738845669910e-04
-9.468530813705588267e-10 1.682395199760148956e-04
-1.850450888329187382e-09 3.703718995735933318e-04
-2.221610472870822514e-09 7.408415167309662607e-05
-1.594671527720369824e-10 6.357621554762248875e-04
1.745252892350866530e-09 4.921774183553493873e-04
-4.435555168649917293e-09 5.087375865869898017e-04
6.353479908132987883e-10 5.860210903831370290e-05
-5.457892591365469035e-09 5.957103132041980916e-04
-3.942305487437140286e-10 7.103195521143519588e-05
-1.263361279426099385e-09 3.747512011762658491e-04
-1.810038787571431712e-09 5.563073149743898030e-04
-2.004316048625576075e-09 3.730199401042157072e-04
-2.906623307911447224e-09 2.852648021511115643e-04
1.362572247366294229e-09 7.157258065567832306e-05
-2.677516012143996606e-09 4.815659778193829600e-04
-4.177687246336086016e-09 7.700785575667539113e-05
-4.900637258892072778e-10 3.990851838385368736e-04
1.403826902944220914e-10 3.865303505434478397e-04
-1.935444624522770464e-09 3.875089262440727642e-04
-3.603043078539969524e-10 6.481611953299370836e-04
2.481542079070729020e-09 4.967435069341515682e-04
-1.614473831567338733e-09 5.595653433288152881e-04
-3.081215616278653975e-09 3.776922747933976194e-04
-3.406389993965437287e-09 6.100551160334421585e-04
1.037614997781127132e-09 5.425373006161314342e-04
-6.030349923840374198e-09 8.775735656231234340e-05
2.361672903466919158e-10 4.019414025573299788e-04
1.352990082501437230e-09 6.629665776870425926e-04
2.452024062052392955e-09 6.051123097688267897e-04
-2.017139560066437937e-09 7.570251545388384149e-05
-1.226899555377130000e-09 4.124109045246722753e-04
-3.092918293140342949e-09 6.427114779636436187e-05
-6.627436549759051132e-09 6.474686578220454811e-05
1.578336220635241691e-09 6.587533524740195757e-04
6.508493306868171820e-11 2.827801296808714554e-04
-5.258085297193297948e-10 6.902429714191596127e-04
-3.853545347828861887e-10 3.862509139688805960e-04
-4.948556290387111363e-10 6.573332414688159335e-05
-1.631554703511932463e-09 3.846590091352152939e-04
1.940155659968293495e-09 4.830533442199888279e-04
-1.013444514522215225e-09 2.695181197126893095e-04
-2.163240609038460539e-09 6.879964034712892198e-04
-3.358976621218600983e-10 4.825299285463507991e-04
-4.396341230649162492e-10 3.992717571346051536e-04
-2.298806262000024837e-09 4.046110860331287879e-04
-2.531461240374898939e-09 5.985835565250140862e-05
-1.840468616181651377e-09 6.656299500831866229e-05
-1.668729292194781095e-09 3.896152608141096783e-04
-5.331676294614358136e-09 7.629422508783512840e-05
-4.182913564282207863e-09 4.136462625269042852e-04
1.773973343210748920e-09 3.311747830779780016e-04
-5.417677480738020875e-10 3.816102925270708178e-04
1.448832811157961616e-09 6.003816094507978627e-04
-1.234270636016589830e-09 2.650765680830343839e-04
